path_x path_y path_z
-14.273800 14.269400 0.000000
-14.267800 14.268500 0.000000
-14.262800 14.268300 0.000000
-14.257800 14.268100 0.000000
-14.252800 14.268000 0.000000
-14.247800 14.267800 0.000000
-14.242800 14.267700 0.000000
-14.237800 14.267500 0.000000
-14.232800 14.267400 0.000000
-14.227800 14.267300 0.000000
-14.222800 14.267200 0.000000
-14.217800 14.267100 0.000000
-14.212800 14.267000 0.000000
-14.207800 14.266900 0.000000
-14.202800 14.266800 0.000000
-14.197800 14.266800 0.000000
-14.192800 14.266700 0.000000
-14.187800 14.266600 0.000000
-14.182800 14.266500 0.000000
-14.177800 14.266500 0.000000
-14.172800 14.266400 0.000000
-14.167800 14.266400 0.000000
-14.162800 14.266300 0.000000
-14.157800 14.266200 0.000000
-14.152800 14.266200 0.000000
-14.147800 14.266100 0.000000
-14.142800 14.266100 0.000000
-14.137800 14.266000 0.000000
-14.132800 14.266000 0.000000
-14.127800 14.266000 0.000000
-14.122800 14.265900 0.000000
-14.117800 14.265900 0.000000
-14.112800 14.265800 0.000000
-14.107800 14.265800 0.000000
-14.102800 14.265800 0.000000
-14.097800 14.265700 0.000000
-14.092800 14.265700 0.000000
-14.087800 14.265700 0.000000
-14.082800 14.265600 0.000000
-14.077800 14.265600 0.000000
-14.072800 14.265600 0.000000
-14.067800 14.265600 0.000000
-14.062800 14.265500 0.000000
-14.057800 14.265500 0.000000
-14.052800 14.265500 0.000000
-14.047800 14.265500 0.000000
-14.042800 14.265500 0.000000
-14.037800 14.265400 0.000000
-14.032800 14.265400 0.000000
-14.027800 14.265400 0.000000
-14.022800 14.265400 0.000000
-14.017800 14.265400 0.000000
-14.012800 14.265400 0.000000
-14.007800 14.265300 0.000000
-14.002800 14.265300 0.000000
-13.997800 14.265300 0.000000
-13.992800 14.265300 0.000000
-13.987800 14.265300 0.000000
-13.982800 14.265300 0.000000
-13.977800 14.265300 0.000000
-13.972800 14.265300 0.000000
-13.967800 14.265200 0.000000
-13.962800 14.265200 0.000000
-13.957800 14.265200 0.000000
-13.952800 14.265200 0.000000
-13.947800 14.265200 0.000000
-13.942800 14.265200 0.000000
-13.937800 14.265200 0.000000
-13.932800 14.265200 0.000000
-13.927800 14.265200 0.000000
-13.922800 14.265200 0.000000
-13.917800 14.265200 0.000000
-13.912800 14.265200 0.000000
-13.907800 14.265200 0.000000
-13.902800 14.265100 0.000000
-13.897800 14.265100 0.000000
-13.892800 14.265100 0.000000
-13.887800 14.265100 0.000000
-13.882800 14.265100 0.000000
-13.877800 14.265100 0.000000
-13.872800 14.265100 0.000000
-13.867800 14.265100 0.000000
-13.862800 14.265100 0.000000
-13.857800 14.265100 0.000000
-13.852800 14.265100 0.000000
-13.847800 14.265100 0.000000
-13.842800 14.265100 0.000000
-13.837800 14.265100 0.000000
-13.832800 14.265100 0.000000
-13.827800 14.265100 0.000000
-13.822800 14.265100 0.000000
-13.817800 14.265100 0.000000
-13.812800 14.265100 0.000000
-13.807800 14.265100 0.000000
-13.802800 14.265100 0.000000
-13.797800 14.265100 0.000000
-13.792800 14.265100 0.000000
-13.787800 14.265100 0.000000
-13.782800 14.265100 0.000000
-13.777800 14.265100 0.000000
-13.772800 14.265100 0.000000
-13.767800 14.265100 0.000000
-13.762800 14.265100 0.000000
-13.757800 14.265100 0.000000
-13.752800 14.265100 0.000000
-13.747800 14.265100 0.000000
-13.742800 14.265100 0.000000
-13.737800 14.265100 0.000000
-13.732800 14.265100 0.000000
-13.727800 14.265100 0.000000
-13.722800 14.265100 0.000000
-13.717800 14.265100 0.000000
-13.712800 14.265100 0.000000
-13.707800 14.265100 0.000000
-13.702800 14.265100 0.000000
-13.697800 14.265100 0.000000
-13.692800 14.265100 0.000000
-13.687800 14.265100 0.000000
-13.682800 14.265100 0.000000
-13.677800 14.265100 0.000000
-13.672800 14.265100 0.000000
-13.667800 14.265100 0.000000
-13.662800 14.265100 0.000000
-13.657800 14.265100 0.000000
-13.652800 14.265100 0.000000
-13.647800 14.265100 0.000000
-13.642800 14.265100 0.000000
-13.637800 14.265100 0.000000
-13.632800 14.265100 0.000000
-13.627800 14.265100 0.000000
-13.622800 14.265100 0.000000
-13.617800 14.265100 0.000000
-13.612800 14.265000 0.000000
-13.607800 14.265000 0.000000
-13.602800 14.265000 0.000000
-13.597800 14.265000 0.000000
-13.592800 14.265000 0.000000
-13.587800 14.265000 0.000000
-13.582800 14.265000 0.000000
-13.577800 14.265000 0.000000
-13.572800 14.265000 0.000000
-13.567800 14.265000 0.000000
-13.562800 14.265000 0.000000
-13.557800 14.265000 0.000000
-13.552800 14.265000 0.000000
-13.547800 14.265000 0.000000
-13.542800 14.265000 0.000000
-13.537800 14.265000 0.000000
-13.532800 14.265000 0.000000
-13.527800 14.265000 0.000000
-13.522800 14.265000 0.000000
-13.517800 14.265000 0.000000
-13.512800 14.265000 0.000000
-13.507800 14.265000 0.000000
-13.502800 14.265000 0.000000
-13.497800 14.265000 0.000000
-13.492800 14.265000 0.000000
-13.487800 14.265000 0.000000
-13.482800 14.265000 0.000000
-13.477800 14.265000 0.000000
-13.472800 14.265000 0.000000
-13.467800 14.265000 0.000000
-13.462800 14.265000 0.000000
-13.457800 14.265000 0.000000
-13.452800 14.265000 0.000000
-13.447800 14.265000 0.000000
-13.442800 14.265000 0.000000
-13.437800 14.265000 0.000000
-13.432800 14.265000 0.000000
-13.427800 14.265000 0.000000
-13.422800 14.265000 0.000000
-13.417800 14.265000 0.000000
-13.412800 14.265000 0.000000
-13.407800 14.265000 0.000000
-13.402800 14.265000 0.000000
-13.397800 14.265000 0.000000
-13.392800 14.265000 0.000000
-13.387800 14.265000 0.000000
-13.382800 14.265000 0.000000
-13.377800 14.265000 0.000000
-13.372800 14.265000 0.000000
-13.367800 14.265000 0.000000
-13.362800 14.265000 0.000000
-13.357800 14.265000 0.000000
-13.352800 14.265000 0.000000
-13.347800 14.265000 0.000000
-13.342800 14.265000 0.000000
-13.337800 14.265000 0.000000
-13.332800 14.265000 0.000000
-13.327800 14.265000 0.000000
-13.322800 14.265000 0.000000
-13.317800 14.265000 0.000000
-13.312800 14.265000 0.000000
-13.307800 14.265000 0.000000
-13.302800 14.265000 0.000000
-13.297800 14.265000 0.000000
-13.292800 14.265000 0.000000
-13.287800 14.265000 0.000000
-13.282800 14.265000 0.000000
-13.277800 14.265000 0.000000
-13.272800 14.265000 0.000000
-13.267800 14.265000 0.000000
-13.262800 14.265000 0.000000
-13.257800 14.265000 0.000000
-13.252800 14.265000 0.000000
-13.247800 14.265000 0.000000
-13.242800 14.265000 0.000000
-13.237800 14.265000 0.000000
-13.232800 14.265000 0.000000
-13.227800 14.265000 0.000000
-13.222800 14.265000 0.000000
-13.217800 14.265000 0.000000
-13.212800 14.265000 0.000000
-13.207800 14.265000 0.000000
-13.202800 14.265000 0.000000
-13.197800 14.265000 0.000000
-13.192800 14.265000 0.000000
-13.187800 14.265000 0.000000
-13.182800 14.265000 0.000000
-13.177800 14.265000 0.000000
-13.172800 14.265000 0.000000
-13.167800 14.265000 0.000000
-13.162800 14.265000 0.000000
-13.157800 14.265000 0.000000
-13.152800 14.265000 0.000000
-13.147800 14.265000 0.000000
-13.142800 14.265000 0.000000
-13.137800 14.265000 0.000000
-13.132800 14.265000 0.000000
-13.127800 14.265000 0.000000
-13.122800 14.265000 0.000000
-13.117800 14.265000 0.000000
-13.112800 14.265000 0.000000
-13.107800 14.265000 0.000000
-13.102800 14.265000 0.000000
-13.097800 14.265000 0.000000
-13.092800 14.265000 0.000000
-13.087800 14.265000 0.000000
-13.082800 14.265000 0.000000
-13.077800 14.265000 0.000000
-13.072800 14.265000 0.000000
-13.067800 14.265000 0.000000
-13.062800 14.265000 0.000000
-13.057800 14.265000 0.000000
-13.052800 14.265000 0.000000
-13.047800 14.265000 0.000000
-13.042800 14.265000 0.000000
-13.037800 14.265000 0.000000
-13.032800 14.265000 0.000000
-13.027800 14.265000 0.000000
-13.022800 14.265000 0.000000
-13.017800 14.265000 0.000000
-13.012800 14.265000 0.000000
-13.007800 14.265000 0.000000
-13.002800 14.265000 0.000000
-12.997800 14.265000 0.000000
-12.992800 14.265000 0.000000
-12.987800 14.265000 0.000000
-12.982800 14.265000 0.000000
-12.977800 14.265000 0.000000
-12.972800 14.265000 0.000000
-12.967800 14.265000 0.000000
-12.962800 14.265000 0.000000
-12.957800 14.265000 0.000000
-12.952800 14.265000 0.000000
-12.947800 14.265000 0.000000
-12.942800 14.265000 0.000000
-12.937800 14.265000 0.000000
-12.932800 14.265000 0.000000
-12.927800 14.265000 0.000000
-12.922800 14.265000 0.000000
-12.917800 14.265000 0.000000
-12.912800 14.265000 0.000000
-12.907800 14.265000 0.000000
-12.902800 14.265000 0.000000
-12.897800 14.265000 0.000000
-12.892800 14.265000 0.000000
-12.887800 14.265000 0.000000
-12.882800 14.265000 0.000000
-12.877800 14.265000 0.000000
-12.872800 14.265000 0.000000
-12.867800 14.265000 0.000000
-12.862800 14.265000 0.000000
-12.857800 14.265000 0.000000
-12.852800 14.265000 0.000000
-12.847800 14.265000 0.000000
-12.842800 14.265000 0.000000
-12.837800 14.265000 0.000000
-12.832800 14.265000 0.000000
-12.827800 14.265000 0.000000
-12.822800 14.265000 0.000000
-12.817800 14.265000 0.000000
-12.812800 14.265000 0.000000
-12.807800 14.265000 0.000000
-12.802800 14.265000 0.000000
-12.797800 14.265000 0.000000
-12.792800 14.265000 0.000000
-12.787800 14.265000 0.000000
-12.782800 14.265000 0.000000
-12.777800 14.265000 0.000000
-12.772800 14.265000 0.000000
-12.767800 14.265000 0.000000
-12.762800 14.265000 0.000000
-12.757800 14.265000 0.000000
-12.752800 14.265000 0.000000
-12.747800 14.265000 0.000000
-12.742800 14.265000 0.000000
-12.737800 14.265000 0.000000
-12.732800 14.265000 0.000000
-12.727800 14.265000 0.000000
-12.722800 14.265000 0.000000
-12.717800 14.265000 0.000000
-12.712800 14.265000 0.000000
-12.707800 14.265000 0.000000
-12.702800 14.265000 0.000000
-12.697800 14.265000 0.000000
-12.692800 14.265000 0.000000
-12.687800 14.265000 0.000000
-12.682800 14.265000 0.000000
-12.677800 14.265000 0.000000
-12.672800 14.265000 0.000000
-12.667800 14.265000 0.000000
-12.662800 14.265000 0.000000
-12.657800 14.265000 0.000000
-12.652800 14.265000 0.000000
-12.647800 14.265000 0.000000
-12.642800 14.265000 0.000000
-12.637800 14.265000 0.000000
-12.632800 14.265000 0.000000
-12.627800 14.265000 0.000000
-12.622800 14.265000 0.000000
-12.617800 14.265000 0.000000
-12.612800 14.265000 0.000000
-12.607800 14.265000 0.000000
-12.602800 14.265000 0.000000
-12.597800 14.265000 0.000000
-12.592800 14.265000 0.000000
-12.587800 14.265000 0.000000
-12.582800 14.265000 0.000000
-12.577800 14.265000 0.000000
-12.572800 14.265000 0.000000
-12.567800 14.265000 0.000000
-12.562800 14.265000 0.000000
-12.557800 14.265000 0.000000
-12.552800 14.265000 0.000000
-12.547800 14.265000 0.000000
-12.542800 14.265000 0.000000
-12.537800 14.265000 0.000000
-12.532800 14.265000 0.000000
-12.527800 14.265000 0.000000
-12.522800 14.265000 0.000000
-12.517800 14.265000 0.000000
-12.512800 14.265000 0.000000
-12.507800 14.265000 0.000000
-12.502800 14.265000 0.000000
-12.497800 14.265000 0.000000
-12.492800 14.265000 0.000000
-12.487800 14.265000 0.000000
-12.482800 14.265000 0.000000
-12.477800 14.265000 0.000000
-12.472800 14.265000 0.000000
-12.467800 14.265000 0.000000
-12.462800 14.265000 0.000000
-12.457800 14.265000 0.000000
-12.452800 14.265000 0.000000
-12.447800 14.265000 0.000000
-12.442800 14.265000 0.000000
-12.437800 14.265000 0.000000
-12.432800 14.265000 0.000000
-12.427800 14.265000 0.000000
-12.422800 14.265000 0.000000
-12.417800 14.265000 0.000000
-12.412800 14.265000 0.000000
-12.407800 14.265000 0.000000
-12.402800 14.265000 0.000000
-12.397800 14.265000 0.000000
-12.392800 14.265000 0.000000
-12.387800 14.265000 0.000000
-12.382800 14.265000 0.000000
-12.377800 14.265000 0.000000
-12.372800 14.265000 0.000000
-12.367800 14.265000 0.000000
-12.362800 14.265000 0.000000
-12.357800 14.265000 0.000000
-12.352800 14.265000 0.000000
-12.347800 14.265000 0.000000
-12.342800 14.265000 0.000000
-12.337800 14.265000 0.000000
-12.332800 14.265000 0.000000
-12.327800 14.265000 0.000000
-12.322800 14.265000 0.000000
-12.317800 14.265000 0.000000
-12.312800 14.265000 0.000000
-12.307800 14.265000 0.000000
-12.302800 14.265000 0.000000
-12.297800 14.265000 0.000000
-12.292800 14.265000 0.000000
-12.287800 14.264900 0.000000
-12.282800 14.264900 0.000000
-12.277800 14.264900 0.000000
-12.272800 14.264900 0.000000
-12.267800 14.264900 0.000000
-12.262800 14.264900 0.000000
-12.257800 14.264900 0.000000
-12.252800 14.264900 0.000000
-12.247800 14.264900 0.000000
-12.242800 14.264900 0.000000
-12.237800 14.264900 0.000000
-12.232800 14.264800 0.000000
-12.227800 14.264800 0.000000
-12.222800 14.264800 0.000000
-12.217800 14.264800 0.000000
-12.212800 14.264800 0.000000
-12.207800 14.264800 0.000000
-12.202800 14.264700 0.000000
-12.197800 14.264700 0.000000
-12.192800 14.264700 0.000000
-12.187800 14.264700 0.000000
-12.182800 14.264600 0.000000
-12.177800 14.264600 0.000000
-12.172800 14.264600 0.000000
-12.167800 14.264600 0.000000
-12.162800 14.264500 0.000000
-12.157800 14.264500 0.000000
-12.152800 14.264400 0.000000
-12.147800 14.264400 0.000000
-12.142800 14.264400 0.000000
-12.137800 14.264300 0.000000
-12.132800 14.264300 0.000000
-12.127800 14.264200 0.000000
-12.122800 14.264200 0.000000
-12.117800 14.264100 0.000000
-12.112800 14.264000 0.000000
-12.107800 14.264000 0.000000
-12.102800 14.263900 0.000000
-12.097800 14.263800 0.000000
-12.092800 14.263700 0.000000
-12.087800 14.263600 0.000000
-12.082800 14.263500 0.000000
-12.077800 14.263400 0.000000
-12.072800 14.263300 0.000000
-12.067800 14.263200 0.000000
-12.062800 14.263100 0.000000
-12.057800 14.262900 0.000000
-12.052800 14.262800 0.000000
-12.047900 14.262600 0.000000
-12.042900 14.262500 0.000000
-12.037900 14.262300 0.000000
-12.032900 14.262100 0.000000
-12.027900 14.261900 0.000000
-12.022900 14.261700 0.000000
-12.017900 14.261400 0.000000
-12.012900 14.261200 0.000000
-12.007900 14.260900 0.000000
-12.002900 14.260600 0.000000
-11.997900 14.260300 0.000000
-11.992900 14.260000 0.000000
-11.987900 14.259700 0.000000
-11.982900 14.259300 0.000000
-11.978000 14.258900 0.000000
-11.973000 14.258500 0.000000
-11.968000 14.258000 0.000000
-11.963000 14.257500 0.000000
-11.958000 14.257000 0.000000
-11.953100 14.256500 0.000000
-11.948100 14.255900 0.000000
-11.943200 14.255200 0.000000
-11.938200 14.254600 0.000000
-11.933200 14.253900 0.000000
-11.928300 14.253300 0.000000
-11.923300 14.252700 0.000000
-11.918400 14.252000 0.000000
-11.913400 14.251400 0.000000
-11.908400 14.250700 0.000000
-11.903500 14.250100 0.000000
-11.898500 14.249400 0.000000
-11.893600 14.248800 0.000000
-11.888600 14.248100 0.000000
-11.883700 14.247500 0.000000
-11.878700 14.246900 0.000000
-11.873700 14.246200 0.000000
-11.868800 14.245600 0.000000
-11.863800 14.244900 0.000000
-11.858900 14.244300 0.000000
-11.853900 14.243700 0.000000
-11.848900 14.243100 0.000000
-11.844000 14.242600 0.000000
-11.839000 14.242000 0.000000
-11.834000 14.241500 0.000000
-11.829000 14.241000 0.000000
-11.824100 14.240600 0.000000
-11.819100 14.240100 0.000000
-11.814100 14.239600 0.000000
-11.809100 14.239200 0.000000
-11.804100 14.238800 0.000000
-11.799200 14.238400 0.000000
-11.794200 14.238000 0.000000
-11.789200 14.237600 0.000000
-11.784200 14.237300 0.000000
-11.779200 14.236900 0.000000
-11.774200 14.236600 0.000000
-11.769200 14.236300 0.000000
-11.764200 14.236000 0.000000
-11.759300 14.235700 0.000000
-11.754300 14.235400 0.000000
-11.749300 14.235100 0.000000
-11.744300 14.234800 0.000000
-11.739300 14.234400 0.000000
-11.734300 14.234000 0.000000
-11.729300 14.233500 0.000000
-11.724400 14.233000 0.000000
-11.719400 14.232400 0.000000
-11.714500 14.231600 0.000000
-11.709500 14.230800 0.000000
-11.704600 14.229800 0.000000
-11.699800 14.228600 0.000000
-11.694900 14.227300 0.000000
-11.690200 14.225800 0.000000
-11.685400 14.224200 0.000000
-11.680700 14.222600 0.000000
-11.676000 14.221000 0.000000
-11.671200 14.219400 0.000000
-11.666500 14.217800 0.000000
-11.661800 14.216200 0.000000
-11.657000 14.214600 0.000000
-11.652200 14.213200 0.000000
-11.647400 14.211900 0.000000
-11.642500 14.210700 0.000000
-11.637700 14.209600 0.000000
-11.632800 14.208600 0.000000
-11.627800 14.207700 0.000000
-11.622900 14.206900 0.000000
-11.618000 14.206100 0.000000
-11.613000 14.205500 0.000000
-11.608000 14.204800 0.000000
-11.603100 14.204200 0.000000
-11.598100 14.203600 0.000000
-11.593200 14.202900 0.000000
-11.588200 14.202300 0.000000
-11.583200 14.201600 0.000000
-11.578300 14.201000 0.000000
-11.573300 14.200400 0.000000
-11.568400 14.199700 0.000000
-11.563400 14.199100 0.000000
-11.558500 14.198500 0.000000
-11.553500 14.197800 0.000000
-11.548500 14.197200 0.000000
-11.543600 14.196600 0.000000
-11.538600 14.195900 0.000000
-11.533700 14.195300 0.000000
-11.528700 14.194700 0.000000
-11.523700 14.194100 0.000000
-11.518800 14.193500 0.000000
-11.513800 14.192900 0.000000
-11.508800 14.192400 0.000000
-11.503900 14.191900 0.000000
-11.498900 14.191400 0.000000
-11.493900 14.190900 0.000000
-11.488900 14.190400 0.000000
-11.483900 14.190000 0.000000
-11.479000 14.189500 0.000000
-11.474000 14.189100 0.000000
-11.469000 14.188700 0.000000
-11.464000 14.188300 0.000000
-11.459000 14.187900 0.000000
-11.454000 14.187500 0.000000
-11.449100 14.187200 0.000000
-11.444100 14.186900 0.000000
-11.439100 14.186500 0.000000
-11.434100 14.186200 0.000000
-11.429100 14.185900 0.000000
-11.424100 14.185600 0.000000
-11.419100 14.185300 0.000000
-11.414100 14.185000 0.000000
-11.409100 14.184700 0.000000
-11.404100 14.184400 0.000000
-11.399200 14.183900 0.000000
-11.394200 14.183400 0.000000
-11.389200 14.182900 0.000000
-11.384300 14.182200 0.000000
-11.379300 14.181400 0.000000
-11.374400 14.180500 0.000000
-11.369500 14.179500 0.000000
-11.364700 14.178300 0.000000
-11.359800 14.177000 0.000000
-11.355100 14.175400 0.000000
-11.350400 14.173800 0.000000
-11.345600 14.172200 0.000000
-11.340900 14.170600 0.000000
-11.336200 14.168900 0.000000
-11.331400 14.167300 0.000000
-11.326700 14.165700 0.000000
-11.322000 14.164100 0.000000
-11.317200 14.162500 0.000000
-11.312500 14.160800 0.000000
-11.307800 14.159100 0.000000
-11.303100 14.157500 0.000000
-11.298400 14.155800 0.000000
-11.293700 14.154100 0.000000
-11.289000 14.152400 0.000000
-11.284300 14.150700 0.000000
-11.279600 14.149000 0.000000
-11.274900 14.147300 0.000000
-11.270200 14.145600 0.000000
-11.265400 14.144000 0.000000
-11.260700 14.142400 0.000000
-11.255900 14.140800 0.000000
-11.251200 14.139400 0.000000
-11.246400 14.137900 0.000000
-11.241600 14.136500 0.000000
-11.236800 14.135200 0.000000
-11.231900 14.133900 0.000000
-11.227100 14.132500 0.000000
-11.222300 14.131200 0.000000
-11.217500 14.129900 0.000000
-11.212700 14.128500 0.000000
-11.207800 14.127200 0.000000
-11.203000 14.125900 0.000000
-11.198200 14.124600 0.000000
-11.193300 14.123400 0.000000
-11.188400 14.122400 0.000000
-11.183500 14.121400 0.000000
-11.178600 14.120600 0.000000
-11.173700 14.119800 0.000000
-11.168700 14.119100 0.000000
-11.163800 14.118400 0.000000
-11.158800 14.117900 0.000000
-11.153800 14.117300 0.000000
-11.148800 14.116900 0.000000
-11.143900 14.116500 0.000000
-11.138900 14.116100 0.000000
-11.133900 14.115700 0.000000
-11.128900 14.115400 0.000000
-11.123900 14.115100 0.000000
-11.118900 14.114800 0.000000
-11.113900 14.114500 0.000000
-11.108900 14.114100 0.000000
-11.104000 14.113600 0.000000
-11.099000 14.113100 0.000000
-11.094000 14.112400 0.000000
-11.089100 14.111700 0.000000
-11.084100 14.110900 0.000000
-11.079200 14.110000 0.000000
-11.074400 14.108900 0.000000
-11.069500 14.107700 0.000000
-11.064700 14.106200 0.000000
-11.060000 14.104700 0.000000
-11.055300 14.103000 0.000000
-11.050600 14.101300 0.000000
-11.045900 14.099400 0.000000
-11.041300 14.097500 0.000000
-11.036700 14.095600 0.000000
-11.032100 14.093700 0.000000
-11.027300 14.092000 0.000000
-11.022600 14.090500 0.000000
-11.017700 14.089200 0.000000
-11.012900 14.088000 0.000000
-11.008000 14.087000 0.000000
-11.003100 14.086000 0.000000
-10.998200 14.085200 0.000000
-10.993200 14.084400 0.000000
-10.988300 14.083700 0.000000
-10.983300 14.083000 0.000000
-10.978400 14.082300 0.000000
-10.973400 14.081700 0.000000
-10.968500 14.081100 0.000000
-10.963500 14.080500 0.000000
-10.958500 14.080000 0.000000
-10.953500 14.079400 0.000000
-10.948600 14.078900 0.000000
-10.943600 14.078500 0.000000
-10.938600 14.078000 0.000000
-10.933600 14.077600 0.000000
-10.928600 14.077200 0.000000
-10.923700 14.076900 0.000000
-10.918700 14.076500 0.000000
-10.913700 14.076200 0.000000
-10.908700 14.075800 0.000000
-10.903700 14.075500 0.000000
-10.898700 14.075300 0.000000
-10.893700 14.075000 0.000000
-10.888700 14.074600 0.000000
-10.883700 14.074200 0.000000
-10.878800 14.073800 0.000000
-10.873800 14.073300 0.000000
-10.868800 14.072600 0.000000
-10.863900 14.071900 0.000000
-10.859000 14.071100 0.000000
-10.854000 14.070100 0.000000
-10.849200 14.068900 0.000000
-10.844400 14.067600 0.000000
-10.839600 14.066100 0.000000
-10.834900 14.064400 0.000000
-10.830200 14.062700 0.000000
-10.825500 14.061000 0.000000
-10.820800 14.059300 0.000000
-10.816100 14.057600 0.000000
-10.811400 14.055900 0.000000
-10.806600 14.054300 0.000000
-10.801900 14.052800 0.000000
-10.797100 14.051400 0.000000
-10.792300 14.050000 0.000000
-10.787400 14.048800 0.000000
-10.782600 14.047600 0.000000
-10.777700 14.046500 0.000000
-10.772800 14.045500 0.000000
-10.767900 14.044600 0.000000
-10.763000 14.043600 0.000000
-10.758100 14.042600 0.000000
-10.753200 14.041600 0.000000
-10.748300 14.040700 0.000000
-10.743400 14.039700 0.000000
-10.738500 14.038700 0.000000
-10.733500 14.037700 0.000000
-10.728600 14.036800 0.000000
-10.723700 14.035800 0.000000
-10.718800 14.034800 0.000000
-10.713900 14.033800 0.000000
-10.709000 14.032800 0.000000
-10.704200 14.031700 0.000000
-10.699300 14.030600 0.000000
-10.694400 14.029400 0.000000
-10.689600 14.028300 0.000000
-10.684700 14.027100 0.000000
-10.679900 14.025800 0.000000
-10.675000 14.024500 0.000000
-10.670200 14.023300 0.000000
-10.665400 14.022000 0.000000
-10.660500 14.020700 0.000000
-10.655700 14.019400 0.000000
-10.650900 14.018200 0.000000
-10.646000 14.016900 0.000000
-10.641200 14.015600 0.000000
-10.636300 14.014400 0.000000
-10.631500 14.013300 0.000000
-10.626600 14.012300 0.000000
-10.621600 14.011400 0.000000
-10.616700 14.010600 0.000000
-10.611800 14.009800 0.000000
-10.606800 14.009100 0.000000
-10.601900 14.008500 0.000000
-10.596900 14.007900 0.000000
-10.591900 14.007400 0.000000
-10.586900 14.007000 0.000000
-10.582000 14.006500 0.000000
-10.577000 14.006100 0.000000
-10.572000 14.005800 0.000000
-10.567000 14.005500 0.000000
-10.562000 14.005200 0.000000
-10.557000 14.004900 0.000000
-10.552000 14.004600 0.000000
-10.547000 14.004300 0.000000
-10.542000 14.004000 0.000000
-10.537000 14.003700 0.000000
-10.532100 14.003300 0.000000
-10.527100 14.003000 0.000000
-10.522100 14.002600 0.000000
-10.517100 14.002200 0.000000
-10.512100 14.001800 0.000000
-10.507100 14.001400 0.000000
-10.502200 14.001000 0.000000
-10.497200 14.000500 0.000000
-10.492200 14.000000 0.000000
-10.487200 13.999600 0.000000
-10.482200 13.999100 0.000000
-10.477300 13.998500 0.000000
-10.472300 13.998000 0.000000
-10.467300 13.997400 0.000000
-10.462400 13.996800 0.000000
-10.457400 13.996200 0.000000
-10.452400 13.995600 0.000000
-10.447500 13.994900 0.000000
-10.442500 13.994300 0.000000
-10.437600 13.993600 0.000000
-10.432600 13.993000 0.000000
-10.427700 13.992300 0.000000
-10.422700 13.991700 0.000000
-10.417700 13.991000 0.000000
-10.412800 13.990300 0.000000
-10.407800 13.989700 0.000000
-10.402900 13.989000 0.000000
-10.397900 13.988400 0.000000
-10.393000 13.987700 0.000000
-10.388000 13.987100 0.000000
-10.383000 13.986400 0.000000
-10.378100 13.985800 0.000000
-10.373100 13.985100 0.000000
-10.368200 13.984500 0.000000
-10.363200 13.983900 0.000000
-10.358200 13.983300 0.000000
-10.353300 13.982700 0.000000
-10.348300 13.982200 0.000000
-10.343300 13.981600 0.000000
-10.338400 13.981100 0.000000
-10.333400 13.980600 0.000000
-10.328400 13.980200 0.000000
-10.323400 13.979700 0.000000
-10.318400 13.979300 0.000000
-10.313500 13.978900 0.000000
-10.308500 13.978500 0.000000
-10.303500 13.978100 0.000000
-10.298500 13.977700 0.000000
-10.293500 13.977300 0.000000
-10.288500 13.977000 0.000000
-10.283500 13.976600 0.000000
-10.278600 13.976300 0.000000
-10.273600 13.976000 0.000000
-10.268600 13.975700 0.000000
-10.263600 13.975400 0.000000
-10.258600 13.975100 0.000000
-10.253600 13.974900 0.000000
-10.248600 13.974600 0.000000
-10.243600 13.974300 0.000000
-10.238600 13.974000 0.000000
-10.233600 13.973700 0.000000
-10.228600 13.973500 0.000000
-10.223600 13.973200 0.000000
-10.218700 13.972900 0.000000
-10.213700 13.972600 0.000000
-10.208700 13.972400 0.000000
-10.203700 13.972100 0.000000
-10.198700 13.971800 0.000000
-10.193700 13.971500 0.000000
-10.188700 13.971300 0.000000
-10.183700 13.971000 0.000000
-10.178700 13.970700 0.000000
-10.173700 13.970400 0.000000
-10.168700 13.970200 0.000000
-10.163700 13.969900 0.000000
-10.158700 13.969600 0.000000
-10.153800 13.969300 0.000000
-10.148800 13.969000 0.000000
-10.143800 13.968800 0.000000
-10.138800 13.968500 0.000000
-10.133800 13.968200 0.000000
-10.128800 13.967900 0.000000
-10.123800 13.967700 0.000000
-10.118800 13.967400 0.000000
-10.113800 13.967100 0.000000
-10.108800 13.966800 0.000000
-10.103800 13.966600 0.000000
-10.098800 13.966300 0.000000
-10.093800 13.966000 0.000000
-10.088900 13.965700 0.000000
-10.083900 13.965500 0.000000
-10.078900 13.965200 0.000000
-10.073900 13.964900 0.000000
-10.068900 13.964500 0.000000
-10.063900 13.964200 0.000000
-10.058900 13.963700 0.000000
-10.053900 13.963300 0.000000
-10.049000 13.962700 0.000000
-10.044000 13.962100 0.000000
-10.039100 13.961400 0.000000
-10.034100 13.960600 0.000000
-10.029200 13.959700 0.000000
-10.024300 13.958700 0.000000
-10.019400 13.957600 0.000000
-10.014600 13.956300 0.000000
-10.009800 13.954900 0.000000
-10.005000 13.953500 0.000000
-10.000200 13.952100 0.000000
-9.995410 13.950700 0.000000
-9.990620 13.949300 0.000000
-9.985820 13.947900 0.000000
-9.981030 13.946400 0.000000
-9.976230 13.945000 0.000000
-9.971410 13.943700 0.000000
-9.966560 13.942500 0.000000
-9.961700 13.941300 0.000000
-9.956820 13.940200 0.000000
-9.951920 13.939200 0.000000
-9.947010 13.938300 0.000000
-9.942080 13.937400 0.000000
-9.937150 13.936600 0.000000
-9.932210 13.935800 0.000000
-9.927260 13.935100 0.000000
-9.922310 13.934400 0.000000
-9.917360 13.933700 0.000000
-9.912410 13.933000 0.000000
-9.907460 13.932300 0.000000
-9.902510 13.931600 0.000000
-9.897560 13.930900 0.000000
-9.892610 13.930200 0.000000
-9.887660 13.929500 0.000000
-9.882710 13.928800 0.000000
-9.877760 13.928100 0.000000
-9.872810 13.927400 0.000000
-9.867860 13.926700 0.000000
-9.862910 13.926000 0.000000
-9.857960 13.925300 0.000000
-9.853010 13.924600 0.000000
-9.848050 13.923900 0.000000
-9.843090 13.923300 0.000000
-9.838130 13.922700 0.000000
-9.833160 13.922100 0.000000
-9.828190 13.921600 0.000000
-9.823220 13.921000 0.000000
-9.818250 13.920500 0.000000
-9.813270 13.920000 0.000000
-9.808290 13.919600 0.000000
-9.803310 13.919100 0.000000
-9.798330 13.918700 0.000000
-9.793350 13.918300 0.000000
-9.788360 13.917900 0.000000
-9.783380 13.917500 0.000000
-9.778390 13.917100 0.000000
-9.773400 13.916800 0.000000
-9.768420 13.916400 0.000000
-9.763430 13.916100 0.000000
-9.758430 13.915800 0.000000
-9.753440 13.915500 0.000000
-9.748450 13.915200 0.000000
-9.743460 13.914900 0.000000
-9.738470 13.914600 0.000000
-9.733490 13.914200 0.000000
-9.728510 13.913700 0.000000
-9.723540 13.913200 0.000000
-9.718580 13.912600 0.000000
-9.713630 13.911900 0.000000
-9.708700 13.911000 0.000000
-9.703790 13.910100 0.000000
-9.698920 13.908900 0.000000
-9.694090 13.907600 0.000000
-9.689320 13.906100 0.000000
-9.684600 13.904500 0.000000
-9.679880 13.902800 0.000000
-9.675160 13.901200 0.000000
-9.670440 13.899600 0.000000
-9.665710 13.897900 0.000000
-9.660990 13.896300 0.000000
-9.656260 13.894700 0.000000
-9.651480 13.893200 0.000000
-9.646660 13.891800 0.000000
-9.641810 13.890600 0.000000
-9.636940 13.889500 0.000000
-9.632040 13.888500 0.000000
-9.627130 13.887600 0.000000
-9.622200 13.886700 0.000000
-9.617260 13.886000 0.000000
-9.612310 13.885300 0.000000
-9.607350 13.884600 0.000000
-9.602400 13.883900 0.000000
-9.597440 13.883300 0.000000
-9.592490 13.882600 0.000000
-9.587530 13.881900 0.000000
-9.582580 13.881300 0.000000
-9.577620 13.880600 0.000000
-9.572670 13.879900 0.000000
-9.567710 13.879300 0.000000
-9.562760 13.878600 0.000000
-9.557800 13.877900 0.000000
-9.552850 13.877200 0.000000
-9.547890 13.876600 0.000000
-9.542940 13.875900 0.000000
-9.537980 13.875200 0.000000
-9.533020 13.874600 0.000000
-9.528060 13.874000 0.000000
-9.523100 13.873300 0.000000
-9.518130 13.872800 0.000000
-9.513170 13.872200 0.000000
-9.508200 13.871700 0.000000
-9.503220 13.871200 0.000000
-9.498250 13.870700 0.000000
-9.493270 13.870200 0.000000
-9.488290 13.869700 0.000000
-9.483310 13.869300 0.000000
-9.478330 13.868800 0.000000
-9.473350 13.868400 0.000000
-9.468360 13.868000 0.000000
-9.463380 13.867700 0.000000
-9.458390 13.867300 0.000000
-9.453400 13.866900 0.000000
-9.448410 13.866600 0.000000
-9.443420 13.866300 0.000000
-9.438430 13.866000 0.000000
-9.433440 13.865700 0.000000
-9.428450 13.865400 0.000000
-9.423460 13.865100 0.000000
-9.418470 13.864800 0.000000
-9.413480 13.864500 0.000000
-9.408490 13.864100 0.000000
-9.403510 13.863600 0.000000
-9.398540 13.863100 0.000000
-9.393570 13.862600 0.000000
-9.388610 13.862000 0.000000
-9.383650 13.861300 0.000000
-9.378720 13.860500 0.000000
-9.373790 13.859600 0.000000
-9.368890 13.858600 0.000000
-9.364020 13.857500 0.000000
-9.359170 13.856300 0.000000
-9.354370 13.854900 0.000000
-9.349560 13.853500 0.000000
-9.344760 13.852100 0.000000
-9.339950 13.850800 0.000000
-9.335140 13.849400 0.000000
-9.330340 13.848000 0.000000
-9.325530 13.846600 0.000000
