path_x path_y path_z
-14.273800 14.269400 0.000000
-14.267800 14.268500 0.000000
-14.262800 14.268300 0.000000
-14.257800 14.268100 0.000000
-14.252800 14.268000 0.000000
-14.247800 14.267800 0.000000
-14.242800 14.267700 0.000000
-14.237800 14.267500 0.000000
-14.232800 14.267400 0.000000
-14.227800 14.267300 0.000000
-14.222800 14.267200 0.000000
-14.217800 14.267100 0.000000
-14.212800 14.267000 0.000000
-14.207800 14.266900 0.000000
-14.202800 14.266800 0.000000
-14.197800 14.266767 0.000000
-14.192800 14.266735 0.000000
-14.187800 14.266702 0.000000
-14.182800 14.266670 0.000000
-14.177800 14.266637 0.000000
-14.172800 14.266604 0.000000
-14.167800 14.266572 0.000000
-14.162800 14.266539 0.000000
-14.157800 14.266507 0.000000
-14.152800 14.266474 0.000000
-14.147800 14.266441 0.000000
-14.142800 14.266409 0.000000
-14.137800 14.266376 0.000000
-14.132800 14.266343 0.000000
-14.127800 14.266311 0.000000
-14.122800 14.266278 0.000000
-14.117800 14.266246 0.000000
-14.112800 14.266213 0.000000
-14.107800 14.266180 0.000000
-14.102800 14.266148 0.000000
-14.097800 14.266115 0.000000
-14.092800 14.266083 0.000000
-14.087800 14.266050 0.000000
-14.082800 14.266017 0.000000
-14.077800 14.265985 0.000000
-14.072800 14.265952 0.000000
-14.067800 14.265920 0.000000
-15.035455 -284.018058 0.000000
-15.013437 -284.018200 0.000000
-14.991419 -284.018339 0.000000
-14.969401 -284.018475 0.000000
-14.947383 -284.018607 0.000000
-14.925365 -284.018736 0.000000
-14.903347 -284.018862 0.000000
-14.881329 -284.018984 0.000000
-14.859311 -284.019103 0.000000
-14.837293 -284.019219 0.000000
-14.815275 -284.019332 0.000000
-14.793257 -284.019441 0.000000
-14.771239 -284.019548 0.000000
-14.749220 -284.019651 0.000000
-14.727202 -284.019750 0.000000
-14.705184 -284.019847 0.000000
-14.683166 -284.019940 0.000000
-14.661148 -284.020030 0.000000
-14.639130 -284.020117 0.000000
-14.617111 -284.020200 0.000000
-14.595093 -284.020280 0.000000
-14.573075 -284.020357 0.000000
-14.551057 -284.020431 0.000000
-14.529039 -284.020501 0.000000
-14.507020 -284.020569 0.000000
-14.485002 -284.020633 0.000000
-14.462984 -284.020693 0.000000
-14.440966 -284.020751 0.000000
-14.418947 -284.020805 0.000000
-14.396929 -284.020856 0.000000
-14.374911 -284.020904 0.000000
-14.352892 -284.020948 0.000000
-14.330874 -284.020989 0.000000
-14.308856 -284.021027 0.000000
-14.286837 -284.021062 0.000000
-14.264819 -284.021093 0.000000
-14.242801 -284.021122 0.000000
-13.877800 14.265190 0.000000
-13.872800 14.265188 0.000000
-13.867800 14.265186 0.000000
-13.862800 14.265184 0.000000
-13.857800 14.265183 0.000000
-13.852800 14.265181 0.000000
-13.847800 14.265179 0.000000
-13.842800 14.265178 0.000000
-13.837800 14.265176 0.000000
-13.832800 14.265174 0.000000
-13.827800 14.265172 0.000000
-13.822800 14.265171 0.000000
-13.817800 14.265169 0.000000
-13.812800 14.265167 0.000000
-13.807800 14.265166 0.000000
-13.802800 14.265164 0.000000
-13.797800 14.265162 0.000000
-13.792800 14.265160 0.000000
-13.787800 14.265159 0.000000
-13.782800 14.265157 0.000000
-13.777800 14.265155 0.000000
-13.772800 14.265153 0.000000
-13.767800 14.265152 0.000000
-13.762800 14.265150 0.000000
-13.757800 14.265148 0.000000
-13.752800 14.265147 0.000000
-13.747800 14.265145 0.000000
-13.742800 14.265143 0.000000
-13.737800 14.265141 0.000000
-13.732800 14.265140 0.000000
-13.727800 14.265138 0.000000
-13.722800 14.265136 0.000000
-13.717800 14.265134 0.000000
-13.712800 14.265133 0.000000
-14.530214 -4755.734888 0.000000
-14.512369 -4755.734894 0.000000
-14.494524 -4755.734900 0.000000
-14.476679 -4755.734906 0.000000
-14.458835 -4755.734912 0.000000
-14.440990 -4755.734917 0.000000
-14.423145 -4755.734923 0.000000
-14.405300 -4755.734928 0.000000
-14.387455 -4755.734933 0.000000
-14.369610 -4755.734938 0.000000
-14.351766 -4755.734943 0.000000
-14.333921 -4755.734948 0.000000
-14.316076 -4755.734952 0.000000
-14.298231 -4755.734957 0.000000
-14.280386 -4755.734961 0.000000
-14.262541 -4755.734966 0.000000
-14.244697 -4755.734970 0.000000
-14.226852 -4755.734974 0.000000
-14.209007 -4755.734977 0.000000
-14.191162 -4755.734981 0.000000
-14.173317 -4755.734985 0.000000
-14.155472 -4755.734988 0.000000
-14.137628 -4755.734991 0.000000
-14.119783 -4755.734994 0.000000
-14.101938 -4755.734997 0.000000
-14.084093 -4755.735000 0.000000
-14.066248 -4755.735003 0.000000
-14.048403 -4755.735006 0.000000
-14.030559 -4755.735008 0.000000
-14.012714 -4755.735011 0.000000
-13.994869 -4755.735013 0.000000
-5.237034 -4755.727830 0.000000
3.520773 -4755.704566 0.000000
12.278523 -4755.665221 0.000000
21.036186 -4755.609795 0.000000
29.793732 -4755.538289 0.000000
38.551132 -4755.450703 0.000000
47.308356 -4755.347036 0.000000
56.065376 -4755.227290 0.000000
64.822160 -4755.091464 0.000000
73.578681 -4754.939560 0.000000
82.334908 -4754.771577 0.000000
91.090812 -4754.587517 0.000000
99.846362 -4754.387379 0.000000
108.601531 -4754.171165 0.000000
117.356288 -4753.938875 0.000000
126.110604 -4753.690511 0.000000
134.864449 -4753.426072 0.000000
143.617793 -4753.145560 0.000000
152.370608 -4752.848975 0.000000
161.122863 -4752.536320 0.000000
169.874530 -4752.207594 0.000000
178.625578 -4751.862799 0.000000
187.375978 -4751.501936 0.000000
196.125701 -4751.125006 0.000000
204.874717 -4750.732011 0.000000
213.622997 -4750.322952 0.000000
222.370511 -4749.897830 0.000000
231.117229 -4749.456647 0.000000
239.863123 -4748.999403 0.000000
248.608162 -4748.526102 0.000000
257.352318 -4748.036744 0.000000
266.095560 -4747.531331 0.000000
274.837859 -4747.009864 0.000000
283.579187 -4746.472346 0.000000
292.319512 -4745.918778 0.000000
301.058806 -4745.349162 0.000000
309.797040 -4744.763501 0.000000
318.534184 -4744.161795 0.000000
327.270208 -4743.544047 0.000000
336.005083 -4742.910259 0.000000
344.738779 -4742.260434 0.000000
353.471268 -4741.594573 0.000000
362.202519 -4740.912678 0.000000
370.932503 -4740.214753 0.000000
379.661191 -4739.500799 0.000000
388.388554 -4738.770819 0.000000
397.114561 -4738.024814 0.000000
405.839184 -4737.262789 0.000000
414.562393 -4736.484745 0.000000
423.284159 -4735.690685 0.000000
432.004452 -4734.880611 0.000000
440.723242 -4734.054526 0.000000
449.440502 -4733.212434 0.000000
458.156200 -4732.354337 0.000000
466.870308 -4731.480237 0.000000
475.582796 -4730.590139 0.000000
484.293635 -4729.684044 0.000000
493.002796 -4728.761955 0.000000
501.710249 -4727.823877 0.000000
510.415965 -4726.869812 0.000000
519.119914 -4725.899763 0.000000
527.822067 -4724.913734 0.000000
536.522396 -4723.911728 0.000000
545.220869 -4722.893748 0.000000
553.917459 -4721.859797 0.000000
562.612136 -4720.809880 0.000000
571.304870 -4719.744000 0.000000
579.995632 -4718.662160 0.000000
588.684393 -4717.564364 0.000000
597.371124 -4716.450616 0.000000
606.055795 -4715.320919 0.000000
614.738377 -4714.175277 0.000000
623.418841 -4713.013695 0.000000
632.097158 -4711.836175 0.000000
640.773297 -4710.642723 0.000000
649.447231 -4709.433342 0.000000
658.118929 -4708.208035 0.000000
666.788363 -4706.966808 0.000000
675.455503 -4705.709664 0.000000
684.120320 -4704.436608 0.000000
692.782785 -4703.147644 0.000000
701.442869 -4701.842777 0.000000
710.100542 -4700.522010 0.000000
718.755775 -4699.185348 0.000000
727.408539 -4697.832795 0.000000
736.058805 -4696.464357 0.000000
744.706544 -4695.080038 0.000000
753.351727 -4693.679843 0.000000
761.994324 -4692.263775 0.000000
770.634306 -4690.831841 0.000000
779.271644 -4689.384044 0.000000
787.906309 -4687.920390 0.000000
796.538272 -4686.440884 0.000000
805.167504 -4684.945530 0.000000
813.793976 -4683.434334 0.000000
822.417658 -4681.907301 0.000000
831.038522 -4680.364435 0.000000
839.656539 -4678.805743 0.000000
848.271678 -4677.231229 0.000000
856.883913 -4675.640899 0.000000
865.493212 -4674.034758 0.000000
874.099548 -4672.412811 0.000000
882.702891 -4670.775064 0.000000
891.303212 -4669.121523 0.000000
899.900483 -4667.452193 0.000000
908.494674 -4665.767079 0.000000
917.085756 -4664.066188 0.000000
925.673701 -4662.349524 0.000000
934.258479 -4660.617095 0.000000
942.840062 -4658.868905 0.000000
951.418420 -4657.104961 0.000000
959.993525 -4655.325268 0.000000
968.565347 -4653.529833 0.000000
977.133859 -4651.718662 0.000000
985.699030 -4649.891760 0.000000
994.260832 -4648.049134 0.000000
1002.819236 -4646.190790 0.000000
1011.374214 -4644.316735 0.000000
1019.925736 -4642.426974 0.000000
1028.473774 -4640.521514 0.000000
1037.018299 -4638.600362 0.000000
1045.559281 -4636.663523 0.000000
1054.096693 -4634.711005 0.000000
1062.630505 -4632.742814 0.000000
1071.160689 -4630.758957 0.000000
1079.687216 -4628.759440 0.000000
1088.210057 -4626.744270 0.000000
1096.729183 -4624.713454 0.000000
1105.244566 -4622.666999 0.000000
1113.756177 -4620.604911 0.000000
1122.263988 -4618.527198 0.000000
1130.767968 -4616.433867 0.000000
1139.268091 -4614.324924 0.000000
1147.764327 -4612.200377 0.000000
1156.256648 -4610.060233 0.000000
1164.745025 -4607.904499 0.000000
1173.229429 -4605.733183 0.000000
1181.709832 -4603.546291 0.000000
1190.186205 -4601.343831 0.000000
1198.658519 -4599.125811 0.000000
1207.126747 -4596.892238 0.000000
1215.590859 -4594.643120 0.000000
1224.050827 -4592.378463 0.000000
1232.506622 -4590.098277 0.000000
1240.958217 -4587.802568 0.000000
1249.405581 -4585.491344 0.000000
1257.848688 -4583.164613 0.000000
1266.287508 -4580.822382 0.000000
1274.722013 -4578.464661 0.000000
1283.152175 -4576.091456 0.000000
1291.577965 -4573.702776 0.000000
1299.999355 -4571.298629 0.000000
1308.416316 -4568.879022 0.000000
1316.828819 -4566.443965 0.000000
1325.236838 -4563.993464 0.000000
1333.640343 -4561.527530 0.000000
1342.039305 -4559.046169 0.000000
1350.433698 -4556.549390 0.000000
1358.823491 -4554.037201 0.000000
1367.208658 -4551.509612 0.000000
1375.589169 -4548.966630 0.000000
1383.964997 -4546.408265 0.000000
1392.336113 -4543.834524 0.000000
1400.702490 -4541.245416 0.000000
1409.064098 -4538.640951 0.000000
1417.420909 -4536.021137 0.000000
1425.772896 -4533.385982 0.000000
1434.120031 -4530.735496 0.000000
1442.462284 -4528.069688 0.000000
1450.799629 -4525.388566 0.000000
1459.132036 -4522.692140 0.000000
1467.459478 -4519.980419 0.000000
1475.781927 -4517.253411 0.000000
1484.099355 -4514.511127 0.000000
1492.411733 -4511.753575 0.000000
1500.719034 -4508.980764 0.000000
1509.021230 -4506.192704 0.000000
1517.318292 -4503.389405 0.000000
1525.610193 -4500.570876 0.000000
1533.896904 -4497.737125 0.000000
1542.178399 -4494.888164 0.000000
1550.454648 -4492.024001 0.000000
1558.725624 -4489.144647 0.000000
1566.991299 -4486.250110 0.000000
1575.251645 -4483.340400 0.000000
1583.506634 -4480.415528 0.000000
1591.756239 -4477.475504 0.000000
1600.000432 -4474.520336 0.000000
1608.239184 -4471.550036 0.000000
1616.472469 -4468.564613 0.000000
1624.700258 -4465.564077 0.000000
1632.922523 -4462.548438 0.000000
1641.139238 -4459.517707 0.000000
1649.350373 -4456.471893 0.000000
1657.555903 -4453.411008 0.000000
1665.755797 -4450.335060 0.000000
1673.950030 -4447.244062 0.000000
1682.138574 -4444.138022 0.000000
1690.321401 -4441.016953 0.000000
1698.498483 -4437.880863 0.000000
1706.669792 -4434.729764 0.000000
1714.835302 -4431.563666 0.000000
1722.994985 -4428.382580 0.000000
1731.148812 -4425.186517 0.000000
1739.296758 -4421.975487 0.000000
1747.438794 -4418.749502 0.000000
1755.574892 -4415.508571 0.000000
1763.705026 -4412.252707 0.000000
1771.829168 -4408.981920 0.000000
1779.947290 -4405.696221 0.000000
1788.059365 -4402.395621 0.000000
1796.165367 -4399.080132 0.000000
1804.265266 -4395.749764 0.000000
1812.359037 -4392.404529 0.000000
1820.446652 -4389.044437 0.000000
1828.528084 -4385.669501 0.000000
1836.603305 -4382.279732 0.000000
1844.672288 -4378.875141 0.000000
1852.735005 -4375.455739 0.000000
1860.791431 -4372.021539 0.000000
1868.841537 -4368.572551 0.000000
1876.885297 -4365.108788 0.000000
1884.922683 -4361.630260 0.000000
1892.953669 -4358.136981 0.000000
1900.978226 -4354.628961 0.000000
1908.996329 -4351.106212 0.000000
1917.007949 -4347.568746 0.000000
1925.013061 -4344.016576 0.000000
1933.011637 -4340.449713 0.000000
1941.003650 -4336.868169 0.000000
1948.989073 -4333.271956 0.000000
1956.967879 -4329.661087 0.000000
1964.940041 -4326.035573 0.000000
1972.905533 -4322.395427 0.000000
1980.864328 -4318.740660 0.000000
1988.816398 -4315.071287 0.000000
1996.761718 -4311.387318 0.000000
2004.700259 -4307.688766 0.000000
2012.631996 -4303.975644 0.000000
2020.556902 -4300.247963 0.000000
2028.474949 -4296.505738 0.000000
2036.386112 -4292.748980 0.000000
2044.290363 -4288.977702 0.000000
2052.187676 -4285.191916 0.000000
2060.078025 -4281.391636 0.000000
2067.961382 -4277.576875 0.000000
2075.837721 -4273.747644 0.000000
2083.707016 -4269.903958 0.000000
2091.569240 -4266.045828 0.000000
2099.424367 -4262.173269 0.000000
2107.272369 -4258.286292 0.000000
2115.113221 -4254.384912 0.000000
2122.946896 -4250.469141 0.000000
2130.773368 -4246.538993 0.000000
2138.592610 -4242.594480 0.000000
2146.404596 -4238.635617 0.000000
2154.209300 -4234.662416 0.000000
2162.006695 -4230.674891 0.000000
2169.796755 -4226.673055 0.000000
2177.579454 -4222.656921 0.000000
2185.354766 -4218.626505 0.000000
2193.122663 -4214.581818 0.000000
2200.883121 -4210.522874 0.000000
2208.636113 -4206.449688 0.000000
2216.381612 -4202.362273 0.000000
2224.119594 -4198.260642 0.000000
2231.850031 -4194.144810 0.000000
2239.572897 -4190.014791 0.000000
2247.288167 -4185.870598 0.000000
2254.995814 -4181.712245 0.000000
2262.695813 -4177.539746 0.000000
2270.388138 -4173.353116 0.000000
2278.072762 -4169.152369 0.000000
2285.749660 -4164.937518 0.000000
2293.418805 -4160.708578 0.000000
2301.080173 -4156.465563 0.000000
2308.733737 -4152.208488 0.000000
2316.379471 -4147.937367 0.000000
2324.017349 -4143.652213 0.000000
2331.647347 -4139.353043 0.000000
2339.269437 -4135.039870 0.000000
2346.883595 -4130.712708 0.000000
2354.489795 -4126.371573 0.000000
2362.088010 -4122.016478 0.000000
2369.678216 -4117.647440 0.000000
2377.260387 -4113.264471 0.000000
2384.834497 -4108.867588 0.000000
2392.400521 -4104.456805 0.000000
2399.958433 -4100.032136 0.000000
2407.508208 -4095.593597 0.000000
2415.049821 -4091.141203 0.000000
2422.583245 -4086.674969 0.000000
2430.108455 -4082.194909 0.000000
2437.625427 -4077.701040 0.000000
2445.134134 -4073.193375 0.000000
2452.634552 -4068.671931 0.000000
2460.126655 -4064.136722 0.000000
2467.610418 -4059.587764 0.000000
2475.085816 -4055.025072 0.000000
2482.552823 -4050.448661 0.000000
2490.011414 -4045.858548 0.000000
2497.461564 -4041.254746 0.000000
2504.903249 -4036.637273 0.000000
2512.336442 -4032.006143 0.000000
2519.761120 -4027.361373 0.000000
2527.177256 -4022.702977 0.000000
2534.584826 -4018.030971 0.000000
2541.983804 -4013.345372 0.000000
2549.374167 -4008.646195 0.000000
2556.755889 -4003.933455 0.000000
2564.128945 -3999.207170 0.000000
2571.493310 -3994.467354 0.000000
2578.848959 -3989.714024 0.000000
2586.195868 -3984.947195 0.000000
2593.534012 -3980.166884 0.000000
2600.863366 -3975.373107 0.000000
2608.183905 -3970.565880 0.000000
2615.495605 -3965.745220 0.000000
2622.798442 -3960.911141 0.000000
2630.092389 -3956.063662 0.000000
2637.377424 -3951.202798 0.000000
2644.653520 -3946.328565 0.000000
2651.920655 -3941.440980 0.000000
2659.178802 -3936.540060 0.000000
2666.427939 -3931.625821 0.000000
2673.668040 -3926.698279 0.000000
2680.899080 -3921.757452 0.000000
2688.121037 -3916.803355 0.000000
2695.333884 -3911.836006 0.000000
2702.537598 -3906.855421 0.000000
2709.732155 -3901.861617 0.000000
2716.917531 -3896.854611 0.000000
2724.093700 -3891.834419 0.000000
2731.260639 -3886.801060 0.000000
2738.418324 -3881.754549 0.000000
2745.566731 -3876.694904 0.000000
2752.705835 -3871.622141 0.000000
2759.835613 -3866.536278 0.000000
2766.956040 -3861.437333 0.000000
2774.067092 -3856.325321 0.000000
2781.168746 -3851.200261 0.000000
2788.260977 -3846.062170 0.000000
2795.343762 -3840.911065 0.000000
2802.417077 -3835.746963 0.000000
2809.480897 -3830.569882 0.000000
2816.535199 -3825.379839 0.000000
2823.579960 -3820.176852 0.000000
2830.615155 -3814.960938 0.000000
2837.640761 -3809.732115 0.000000
2844.656754 -3804.490400 0.000000
2851.663110 -3799.235812 0.000000
2858.659807 -3793.968368 0.000000
2865.646819 -3788.688085 0.000000
2872.624124 -3783.394982 0.000000
2879.591698 -3778.089076 0.000000
2886.549518 -3772.770385 0.000000
2893.497560 -3767.438928 0.000000
2900.435801 -3762.094721 0.000000
2907.364217 -3756.737784 0.000000
2914.282785 -3751.368134 0.000000
2921.191482 -3745.985789 0.000000
2928.090284 -3740.590768 0.000000
2934.979168 -3735.183088 0.000000
2941.858112 -3729.762768 0.000000
2948.727090 -3724.329826 0.000000
2955.586082 -3718.884281 0.000000
2962.435063 -3713.426150 0.000000
2969.274010 -3707.955453 0.000000
2976.102900 -3702.472207 0.000000
2982.921711 -3696.976432 0.000000
2989.730419 -3691.468145 0.000000
2996.529001 -3685.947366 0.000000
3003.317435 -3680.414112 0.000000
3010.095697 -3674.868403 0.000000
3016.863765 -3669.310257 0.000000
3023.621615 -3663.739693 0.000000
3030.369226 -3658.156729 0.000000
3037.106574 -3652.561386 0.000000
3043.833636 -3646.953680 0.000000
3050.550390 -3641.333633 0.000000
3057.256814 -3635.701261 0.000000
3063.952884 -3630.056584 0.000000
3070.638578 -3624.399622 0.000000
3077.313874 -3618.730394 0.000000
3083.978749 -3613.048917 0.000000
3090.633180 -3607.355213 0.000000
3097.277145 -3601.649299 0.000000
3103.910622 -3595.931195 0.000000
3110.533589 -3590.200921 0.000000
3117.146022 -3584.458495 0.000000
3123.747900 -3578.703938 0.000000
3130.339201 -3572.937268 0.000000
3136.919902 -3567.158504 0.000000
3143.489980 -3561.367668 0.000000
3150.049415 -3555.564777 0.000000
3156.598183 -3549.749851 0.000000
3163.136264 -3543.922911 0.000000
3169.663633 -3538.083975 0.000000
3176.180271 -3532.233063 0.000000
3182.686154 -3526.370196 0.000000
3189.181261 -3520.495393 0.000000
3195.665569 -3514.608673 0.000000
3202.139058 -3508.710057 0.000000
3208.601705 -3502.799564 0.000000
3215.053488 -3496.877215 0.000000
3221.494386 -3490.943029 0.000000
3227.924376 -3484.997026 0.000000
3234.343438 -3479.039227 0.000000
3240.751550 -3473.069651 0.000000
3247.148689 -3467.088319 0.000000
3253.534835 -3461.095250 0.000000
3259.909965 -3455.090466 0.000000
3266.274059 -3449.073985 0.000000
3272.627095 -3443.045830 0.000000
3278.969051 -3437.006019 0.000000
3285.299907 -3430.954573 0.000000
3291.619640 -3424.891513 0.000000
3297.928230 -3418.816859 0.000000
3304.225655 -3412.730631 0.000000
3310.511894 -3406.632850 0.000000
3316.786925 -3400.523537 0.000000
3323.050728 -3394.402712 0.000000
3329.303282 -3388.270396 0.000000
3335.544565 -3382.126610 0.000000
3341.774557 -3375.971374 0.000000
3347.993235 -3369.804708 0.000000
3354.200581 -3363.626635 0.000000
3360.396571 -3357.437174 0.000000
3366.581187 -3351.236346 0.000000
3372.754405 -3345.024173 0.000000
3378.916207 -3338.800675 0.000000
3385.066571 -3332.565874 0.000000
3391.205477 -3326.319789 0.000000
3397.332903 -3320.062443 0.000000
3403.448829 -3313.793857 0.000000
3409.553234 -3307.514051 0.000000
3415.646099 -3301.223047 0.000000
3421.727401 -3294.920866 0.000000
3427.797122 -3288.607529 0.000000
3433.855239 -3282.283058 0.000000
3439.901734 -3275.947474 0.000000
3445.936585 -3269.600798 0.000000
3451.959773 -3263.243051 0.000000
3457.971276 -3256.874255 0.000000
3463.971074 -3250.494432 0.000000
3469.959149 -3244.103603 0.000000
3475.935478 -3237.701790 0.000000
3481.900042 -3231.289014 0.000000
3487.852821 -3224.865296 0.000000
3493.793795 -3218.430659 0.000000
3499.722944 -3211.985124 0.000000
3505.640248 -3205.528713 0.000000
3511.545687 -3199.061447 0.000000
3517.439240 -3192.583349 0.000000
3523.320889 -3186.094441 0.000000
3529.190613 -3179.594743 0.000000
3535.048392 -3173.084278 0.000000
3540.894207 -3166.563069 0.000000
3546.728038 -3160.031136 0.000000
3552.549865 -3153.488503 0.000000
3558.359670 -3146.935190 0.000000
3564.157431 -3140.371221 0.000000
3569.943130 -3133.796617 0.000000
3575.716746 -3127.211401 0.000000
3581.478262 -3120.615594 0.000000
3587.227657 -3114.009219 0.000000
3592.964911 -3107.392299 0.000000
3598.690006 -3100.764854 0.000000
3604.402922 -3094.126909 0.000000
3610.103640 -3087.478485 0.000000
3615.792141 -3080.819605 0.000000
3621.468405 -3074.150290 0.000000
3627.132413 -3067.470565 0.000000
3632.784147 -3060.780450 0.000000
3638.423587 -3054.079969 0.000000
3644.050714 -3047.369144 0.000000
3649.665509 -3040.647998 0.000000
3655.267953 -3033.916554 0.000000
3660.858028 -3027.174834 0.000000
3666.435715 -3020.422861 0.000000
3672.000994 -3013.660657 0.000000
3677.553847 -3006.888247 0.000000
3683.094255 -3000.105651 0.000000
3688.622200 -2993.312894 0.000000
3694.137663 -2986.509998 0.000000
3699.640626 -2979.696985 0.000000
3705.131069 -2972.873880 0.000000
3710.608974 -2966.040705 0.000000
3716.074323 -2959.197483 0.000000
3721.527098 -2952.344238 0.000000
3726.967279 -2945.480991 0.000000
3732.394849 -2938.607767 0.000000
3737.809790 -2931.724588 0.000000
3743.212082 -2924.831479 0.000000
3748.601709 -2917.928461 0.000000
3753.978651 -2911.015558 0.000000
3759.342891 -2904.092795 0.000000
3764.694410 -2897.160193 0.000000
3770.033190 -2890.217776 0.000000
3775.359215 -2883.265568 0.000000
3780.672464 -2876.303593 0.000000
3785.972921 -2869.331872 0.000000
3791.260568 -2862.350431 0.000000
3796.535387 -2855.359293 0.000000
3801.797360 -2848.358481 0.000000
3807.046469 -2841.348019 0.000000
3812.282697 -2834.327930 0.000000
3817.506026 -2827.298239 0.000000
3822.716438 -2820.258968 0.000000
3827.913916 -2813.210142 0.000000
3833.098443 -2806.151784 0.000000
3838.270000 -2799.083919 0.000000
3843.428571 -2792.006569 0.000000
3848.574137 -2784.919760 0.000000
3853.706682 -2777.823514 0.000000
3858.826189 -2770.717855 0.000000
3863.932640 -2763.602809 0.000000
3869.026017 -2756.478398 0.000000
3874.106304 -2749.344646 0.000000
3879.173484 -2742.201579 0.000000
3884.227539 -2735.049219 0.000000
3889.268453 -2727.887591 0.000000
3894.296208 -2720.716719 0.000000
3899.310788 -2713.536627 0.000000
3904.312175 -2706.347339 0.000000
3909.300353 -2699.148880 0.000000
3914.275305 -2691.941275 0.000000
3919.237014 -2684.724546 0.000000
3924.185463 -2677.498719 0.000000
3929.120636 -2670.263818 0.000000
3934.042516 -2663.019867 0.000000
3938.951087 -2655.766891 0.000000
3943.846331 -2648.504914 0.000000
3948.728233 -2641.233961 0.000000
3953.596776 -2633.954056 0.000000
3958.451943 -2626.665223 0.000000
3963.293719 -2619.367489 0.000000
3968.122087 -2612.060875 0.000000
3972.937030 -2604.745409 0.000000
3977.738532 -2597.421114 0.000000
3982.526578 -2590.088014 0.000000
3987.301150 -2582.746135 0.000000
3992.062234 -2575.395502 0.000000
3996.809812 -2568.036139 0.000000
4001.543869 -2560.668071 0.000000
4006.264389 -2553.291322 0.000000
4010.971357 -2545.905918 0.000000
4015.664755 -2538.511884 0.000000
4020.344568 -2531.109245 0.000000
4025.010781 -2523.698025 0.000000
4029.663378 -2516.278249 0.000000
4034.302343 -2508.849943 0.000000
4038.927660 -2501.413131 0.000000
4043.539314 -2493.967839 0.000000
4048.137290 -2486.514092 0.000000
4052.721571 -2479.051914 0.000000
4057.292143 -2471.581332 0.000000
4061.848989 -2464.102370 0.000000
4066.392095 -2456.615053 0.000000
4070.921446 -2449.119406 0.000000
4075.437025 -2441.615456 0.000000
4079.938818 -2434.103227 0.000000
4084.426810 -2426.582744 0.000000
4088.900985 -2419.054034 0.000000
4093.361329 -2411.517120 0.000000
4097.807825 -2403.972030 0.000000
4102.240461 -2396.418787 0.000000
4106.659219 -2388.857418 0.000000
4111.064086 -2381.287948 0.000000
4115.455047 -2373.710403 0.000000
4119.832086 -2366.124808 0.000000
4124.195190 -2358.531189 0.000000
4128.544343 -2350.929571 0.000000
4132.879531 -2343.319980 0.000000
4137.200738 -2335.702441 0.000000
4141.507952 -2328.076981 0.000000
4145.801156 -2320.443625 0.000000
4150.080337 -2312.802399 0.000000
4154.345479 -2305.153328 0.000000
4158.596570 -2297.496439 0.000000
4162.833594 -2289.831756 0.000000
4167.056537 -2282.159307 0.000000
4171.265385 -2274.479117 0.000000
4175.460124 -2266.791211 0.000000
4179.640739 -2259.095616 0.000000
4183.807216 -2251.392357 0.000000
4187.959542 -2243.681461 0.000000
4192.097702 -2235.962954 0.000000
4196.221683 -2228.236861 0.000000
4200.331470 -2220.503209 0.000000
4204.427050 -2212.762023 0.000000
4208.508409 -2205.013331 0.000000
4212.575533 -2197.257157 0.000000
4216.628408 -2189.493528 0.000000
4220.667021 -2181.722471 0.000000
4224.691358 -2173.944011 0.000000
4228.701406 -2166.158175 0.000000
4232.697150 -2158.364988 0.000000
4236.678579 -2150.564478 0.000000
4240.645677 -2142.756671 0.000000
4244.598432 -2134.941592 0.000000
4248.536830 -2127.119269 0.000000
4252.460859 -2119.289727 0.000000
4256.370504 -2111.452993 0.000000
4260.265754 -2103.609093 0.000000
4264.146594 -2095.758054 0.000000
4268.013011 -2087.899903 0.000000
4271.864993 -2080.034665 0.000000
4275.702526 -2072.162368 0.000000
4279.525598 -2064.283037 0.000000
4283.334195 -2056.396700 0.000000
4287.128306 -2048.503383 0.000000
4290.907916 -2040.603113 0.000000
4294.673014 -2032.695916 0.000000
4298.423586 -2024.781818 0.000000
4302.159620 -2016.860848 0.000000
4305.881104 -2008.933030 0.000000
4309.588024 -2000.998393 0.000000
4313.280369 -1993.056963 0.000000
4316.958125 -1985.108766 0.000000
4320.621281 -1977.153829 0.000000
4324.269824 -1969.192180 0.000000
4327.903742 -1961.223844 0.000000
4331.523022 -1953.248850 0.000000
4335.127653 -1945.267223 0.000000
4338.717622 -1937.278991 0.000000
4342.292917 -1929.284181 0.000000
4345.853526 -1921.282819 0.000000
4349.399437 -1913.274933 0.000000
4352.930638 -1905.260549 0.000000
4356.447117 -1897.239695 0.000000
4359.948863 -1889.212397 0.000000
4363.435863 -1881.178684 0.000000
4366.908106 -1873.138581 0.000000
4370.365580 -1865.092115 0.000000
4373.808273 -1857.039315 0.000000
4377.236174 -1848.980207 0.000000
4380.649271 -1840.914819 0.000000
4384.047553 -1832.843176 0.000000
4387.431009 -1824.765308 0.000000
4390.799626 -1816.681241 0.000000
4394.153393 -1808.591001 0.000000
4397.492300 -1800.494618 0.000000
4400.816335 -1792.392117 0.000000
4404.125486 -1784.283526 0.000000
4407.419743 -1776.168873 0.000000
4410.699095 -1768.048184 0.000000
4413.963529 -1759.921488 0.000000
4417.213037 -1751.788811 0.000000
4420.447605 -1743.650182 0.000000
4423.667225 -1735.505626 0.000000
4426.871883 -1727.355173 0.000000
4430.061571 -1719.198849 0.000000
4433.236277 -1711.036682 0.000000
4436.395990 -1702.868700 0.000000
4439.540700 -1694.694929 0.000000
4442.670397 -1686.515398 0.000000
4445.785068 -1678.330134 0.000000
4448.884705 -1670.139165 0.000000
4451.969297 -1661.942518 0.000000
4455.038833 -1653.740220 0.000000
4458.093302 -1645.532301 0.000000
4461.132696 -1637.318787 0.000000
4464.157002 -1629.099706 0.000000
4467.166212 -1620.875085 0.000000
4470.160315 -1612.644953 0.000000
4473.139301 -1604.409337 0.000000
4476.103159 -1596.168265 0.000000
4479.051881 -1587.921764 0.000000
4481.985455 -1579.669863 0.000000
4484.903873 -1571.412590 0.000000
4487.807123 -1563.149971 0.000000
4490.695198 -1554.882036 0.000000
4493.568085 -1546.608812 0.000000
4496.425777 -1538.330326 0.000000
4499.268263 -1530.046607 0.000000
4502.095534 -1521.757683 0.000000
4504.907581 -1513.463581 0.000000
4507.704392 -1505.164330 0.000000
4510.485961 -1496.859957 0.000000
4513.252276 -1488.550491 0.000000
4516.003329 -1480.235959 0.000000
4518.739110 -1471.916390 0.000000
4521.459611 -1463.591812 0.000000
4524.164821 -1455.262252 0.000000
4526.854732 -1446.927740 0.000000
4529.529335 -1438.588302 0.000000
4532.188621 -1430.243967 0.000000
4534.832580 -1421.894763 0.000000
4537.461205 -1413.540718 0.000000
4540.074485 -1405.181861 0.000000
4542.672413 -1396.818219 0.000000
4545.254979 -1388.449822 0.000000
4547.822175 -1380.076696 0.000000
4550.373991 -1371.698871 0.000000
4552.910421 -1363.316374 0.000000
4555.431454 -1354.929234 0.000000
4557.937083 -1346.537479 0.000000
4560.427298 -1338.141137 0.000000
4562.902092 -1329.740237 0.000000
4565.361457 -1321.334807 0.000000
4567.805383 -1312.924875 0.000000
4570.233863 -1304.510470 0.000000
4572.646889 -1296.091620 0.000000
4575.044452 -1287.668354 0.000000
4577.426544 -1279.240699 0.000000
4579.793158 -1270.808685 0.000000
4582.144285 -1262.372339 0.000000
4584.479917 -1253.931690 0.000000
4586.800046 -1245.486767 0.000000
4589.104666 -1237.037598 0.000000
4591.393767 -1228.584212 0.000000
4593.667342 -1220.126636 0.000000
4595.925384 -1211.664900 0.000000
4598.167885 -1203.199032 0.000000
4600.394837 -1194.729061 0.000000
4602.606233 -1186.255015 0.000000
4604.802065 -1177.776923 0.000000
4606.982327 -1169.294813 0.000000
4609.147010 -1160.808714 0.000000
4611.296107 -1152.318655 0.000000
4613.429611 -1143.824664 0.000000
4615.547515 -1135.326769 0.000000
4617.649812 -1126.825000 0.000000
4619.736495 -1118.319385 0.000000
4621.807556 -1109.809953 0.000000
4623.862989 -1101.296733 0.000000
4625.902786 -1092.779753 0.000000
4627.926942 -1084.259041 0.000000
4629.935448 -1075.734628 0.000000
4631.928298 -1067.206540 0.000000
4633.905486 -1058.674808 0.000000
4635.867005 -1050.139460 0.000000
4637.812848 -1041.600524 0.000000
4639.743009 -1033.058030 0.000000
4641.657481 -1024.512006 0.000000
4643.556258 -1015.962481 0.000000
4645.439333 -1007.409484 0.000000
4647.306700 -998.853044 0.000000
4649.158352 -990.293189 0.000000
4650.994284 -981.729949 0.000000
4652.814489 -973.163353 0.000000
4654.618962 -964.593428 0.000000
4656.407695 -956.020205 0.000000
4658.180683 -947.443711 0.000000
4659.937921 -938.863977 0.000000
4661.679401 -930.281030 0.000000
4663.405118 -921.694900 0.000000
4665.115067 -913.105616 0.000000
4666.809242 -904.513206 0.000000
4668.487636 -895.917701 0.000000
4670.150245 -887.319127 0.000000
4671.797062 -878.717516 0.000000
4673.428083 -870.112895 0.000000
4675.043301 -861.505294 0.000000
4676.642711 -852.894741 0.000000
4678.226308 -844.281267 0.000000
4679.794086 -835.664899 0.000000
4681.346040 -827.045666 0.000000
4682.882166 -818.423599 0.000000
4684.402457 -809.798725 0.000000
4685.906908 -801.171075 0.000000
4687.395515 -792.540677 0.000000
4688.868273 -783.907559 0.000000
4690.325176 -775.271753 0.000000
4691.766220 -766.633285 0.000000
4693.191399 -757.992186 0.000000
4694.600710 -749.348485 0.000000
4695.994147 -740.702210 0.000000
4697.371705 -732.053392 0.000000
4698.733380 -723.402059 0.000000
4700.079167 -714.748240 0.000000
4701.409062 -706.091964 0.000000
4702.723061 -697.433261 0.000000
4704.021158 -688.772160 0.000000
4705.303349 -680.108690 0.000000
4706.569631 -671.442880 0.000000
4707.819998 -662.774760 0.000000
4709.054448 -654.104359 0.000000
4710.272974 -645.431705 0.000000
4711.475574 -636.756829 0.000000
4712.662244 -628.079759 0.000000
4713.832978 -619.400524 0.000000
4714.987774 -610.719155 0.000000
4716.126628 -602.035680 0.000000
4717.249535 -593.350128 0.000000
4718.356491 -584.662529 0.000000
4719.447494 -575.972913 0.000000
4720.522540 -567.281307 0.000000
4721.581624 -558.587743 0.000000
4722.624744 -549.892248 0.000000
4723.651895 -541.194852 0.000000
4724.663074 -532.495585 0.000000
4725.658279 -523.794477 0.000000
4726.637504 -515.091555 0.000000
4727.600748 -506.386850 0.000000
4728.548007 -497.680391 0.000000
4729.479278 -488.972207 0.000000
4730.394557 -480.262328 0.000000
4731.293842 -471.550784 0.000000
4732.177129 -462.837602 0.000000
4733.044416 -454.122814 0.000000
4733.895699 -445.406447 0.000000
4734.730977 -436.688532 0.000000
4735.550245 -427.969098 0.000000
4736.353501 -419.248175 0.000000
4737.140742 -410.525791 0.000000
4737.911967 -401.801977 0.000000
4738.667171 -393.076761 0.000000
4739.406353 -384.350173 0.000000
4740.129511 -375.622242 0.000000
4740.836640 -366.892998 0.000000
4741.527741 -358.162471 0.000000
4742.202809 -349.430690 0.000000
4742.861843 -340.697683 0.000000
4743.504841 -331.963481 0.000000
4744.131799 -323.228113 0.000000
4744.742717 -314.491609 0.000000
4745.337592 -305.753998 0.000000
4745.916423 -297.015309 0.000000
4746.479206 -288.275572 0.000000
4747.025941 -279.534817 0.000000
4747.556625 -270.793072 0.000000
4748.071257 -262.050367 0.000000
4748.569835 -253.306733 0.000000
4749.052357 -244.562197 0.000000
4749.518822 -235.816790 0.000000
4749.969227 -227.070542 0.000000
4750.403572 -218.323481 0.000000
4750.821856 -209.575638 0.000000
4751.224076 -200.827041 0.000000
4751.610231 -192.077720 0.000000
4751.980320 -183.327705 0.000000
4752.334342 -174.577026 0.000000
4752.672296 -165.825711 0.000000
4752.994179 -157.073790 0.000000
4753.299993 -148.321293 0.000000
4753.589734 -139.568249 0.000000
4753.863403 -130.814688 0.000000
4754.120998 -122.060639 0.000000
4754.362519 -113.306132 0.000000
4754.587965 -104.551196 0.000000
4754.797334 -95.795861 0.000000
4754.990627 -87.040156 0.000000
4755.167842 -78.284111 0.000000
4755.328979 -69.527756 0.000000
4755.474038 -60.771119 0.000000
4755.603018 -52.014231 0.000000
4755.715918 -43.257120 0.000000
4755.812738 -34.499818 0.000000
4755.893478 -25.742352 0.000000
4755.958138 -16.984752 0.000000
4756.006717 -8.227049 0.000000
4756.039215 0.530729 0.000000
4756.055633 9.288551 0.000000
