path_x path_y path_z
-14.273800 14.269400 0.000000
-14.267800 14.268500 0.000000
-14.262800 14.268300 0.000000
-14.257800 14.268100 0.000000
-14.252800 14.268000 0.000000
-14.247800 14.267800 0.000000
-14.242800 14.267700 0.000000
-14.237800 14.267500 0.000000
-14.232800 14.267400 0.000000
-14.227800 14.267300 0.000000
-14.222800 14.267200 0.000000
-14.217800 14.267100 0.000000
-14.212800 14.267000 0.000000
-14.207800 14.266900 0.000000
-14.202800 14.266800 0.000000
-14.197800 14.266767 0.000000
-14.192800 14.266735 0.000000
-14.187800 14.266702 0.000000
-14.182800 14.266670 0.000000
-14.177800 14.266637 0.000000
-14.172800 14.266604 0.000000
-14.167800 14.266572 0.000000
-14.162800 14.266539 0.000000
-14.157800 14.266507 0.000000
-14.152800 14.266474 0.000000
-14.147800 14.266441 0.000000
-14.142800 14.266409 0.000000
-14.137800 14.266376 0.000000
-14.132800 14.266343 0.000000
-14.127800 14.266311 0.000000
-14.122800 14.266278 0.000000
-14.117800 14.266246 0.000000
-14.112800 14.266213 0.000000
-14.107800 14.266180 0.000000
-14.102800 14.266148 0.000000
-14.097800 14.266115 0.000000
-14.092800 14.266083 0.000000
-14.087800 14.266050 0.000000
-14.082800 14.266017 0.000000
-14.077800 14.265985 0.000000
-14.072800 14.265952 0.000000
-14.067800 14.265920 0.000000
-14.062800 14.265887 0.000000
-14.057800 14.265854 0.000000
-14.052800 14.265822 0.000000
-14.047800 14.265789 0.000000
-14.042800 14.265757 0.000000
-14.037800 14.265724 0.000000
-14.032800 14.265691 0.000000
-14.027800 14.265659 0.000000
-14.022800 14.265626 0.000000
-14.017800 14.265593 0.000000
-14.012800 14.265561 0.000000
-14.007800 14.265528 0.000000
-14.002800 14.265496 0.000000
-13.997800 14.265463 0.000000
-13.992800 14.265430 0.000000
-13.987800 14.265398 0.000000
-13.982800 14.265365 0.000000
-13.977800 14.265333 0.000000
-13.972800 14.265300 0.000000
-13.967800 14.265292 0.000000
-13.962800 14.265285 0.000000
-13.957800 14.265277 0.000000
-13.952800 14.265269 0.000000
-13.947800 14.265262 0.000000
-13.942800 14.265254 0.000000
-13.937800 14.265246 0.000000
-13.932800 14.265238 0.000000
-13.927800 14.265231 0.000000
-13.922800 14.265223 0.000000
-13.917800 14.265215 0.000000
-13.912800 14.265208 0.000000
-13.907800 14.265200 0.000000
-13.902800 14.265198 0.000000
-13.897800 14.265197 0.000000
-13.892800 14.265195 0.000000
-13.887800 14.265193 0.000000
-13.882800 14.265191 0.000000
-13.877800 14.265190 0.000000
-13.872800 14.265188 0.000000
-13.867800 14.265186 0.000000
-13.862800 14.265184 0.000000
-13.857800 14.265183 0.000000
-13.852800 14.265181 0.000000
-13.847800 14.265179 0.000000
-13.842800 14.265178 0.000000
-13.837800 14.265176 0.000000
-13.832800 14.265174 0.000000
-13.827800 14.265172 0.000000
-13.822800 14.265171 0.000000
-13.817800 14.265169 0.000000
-13.812800 14.265167 0.000000
-13.807800 14.265166 0.000000
-13.802800 14.265164 0.000000
-13.797800 14.265162 0.000000
-13.792800 14.265160 0.000000
-13.787800 14.265159 0.000000
-13.782800 14.265157 0.000000
-13.777800 14.265155 0.000000
-13.772800 14.265153 0.000000
-13.767800 14.265152 0.000000
-13.762800 14.265150 0.000000
-13.757800 14.265148 0.000000
-13.752800 14.265147 0.000000
-13.747800 14.265145 0.000000
-13.742800 14.265143 0.000000
-13.737800 14.265141 0.000000
-13.732800 14.265140 0.000000
-13.727800 14.265138 0.000000
-13.722800 14.265136 0.000000
-13.717800 14.265134 0.000000
-13.712800 14.265133 0.000000
-13.707800 14.265131 0.000000
-13.702800 14.265129 0.000000
-13.697800 14.265128 0.000000
-13.692800 14.265126 0.000000
-13.687800 14.265124 0.000000
-13.682800 14.265122 0.000000
-13.677800 14.265121 0.000000
-13.672800 14.265119 0.000000
-13.667800 14.265117 0.000000
-13.662800 14.265116 0.000000
-13.657800 14.265114 0.000000
-13.652800 14.265112 0.000000
-13.647800 14.265110 0.000000
-13.642800 14.265109 0.000000
-13.637800 14.265107 0.000000
-13.632800 14.265105 0.000000
-13.627800 14.265103 0.000000
-13.622800 14.265102 0.000000
-13.617800 14.265100 0.000000
-13.612800 14.265100 0.000000
-13.607800 14.265099 0.000000
-13.602800 14.265099 0.000000
-13.597800 14.265098 0.000000
-13.592800 14.265098 0.000000
-13.587800 14.265098 0.000000
-13.582800 14.265097 0.000000
-13.577800 14.265097 0.000000
-13.572800 14.265097 0.000000
-13.567800 14.265096 0.000000
-13.562800 14.265096 0.000000
-13.557800 14.265095 0.000000
-13.552800 14.265095 0.000000
-13.547800 14.265095 0.000000
-13.542800 14.265094 0.000000
-13.537800 14.265094 0.000000
-13.532800 14.265094 0.000000
-13.527800 14.265093 0.000000
-13.522800 14.265093 0.000000
-13.517800 14.265092 0.000000
-13.512800 14.265092 0.000000
-13.507800 14.265092 0.000000
-13.502800 14.265091 0.000000
-13.497800 14.265091 0.000000
-13.492800 14.265091 0.000000
-13.487800 14.265090 0.000000
-13.482800 14.265090 0.000000
-13.477800 14.265089 0.000000
-13.472800 14.265089 0.000000
-13.467800 14.265089 0.000000
-13.462800 14.265088 0.000000
-13.457800 14.265088 0.000000
-13.452800 14.265088 0.000000
-13.447800 14.265087 0.000000
-13.442800 14.265087 0.000000
-13.437800 14.265086 0.000000
-13.432800 14.265086 0.000000
-13.427800 14.265086 0.000000
-13.422800 14.265085 0.000000
-13.417800 14.265085 0.000000
-13.412800 14.265085 0.000000
-13.407800 14.265084 0.000000
-13.402800 14.265084 0.000000
-13.397800 14.265083 0.000000
-13.392800 14.265083 0.000000
-13.387800 14.265083 0.000000
-13.382800 14.265082 0.000000
-13.377800 14.265082 0.000000
-13.372800 14.265082 0.000000
-13.367800 14.265081 0.000000
-13.362800 14.265081 0.000000
-13.357800 14.265080 0.000000
-13.352800 14.265080 0.000000
-13.347800 14.265080 0.000000
-13.342800 14.265079 0.000000
-13.337800 14.265079 0.000000
-13.332800 14.265078 0.000000
-13.327800 14.265078 0.000000
-13.322800 14.265078 0.000000
-13.317800 14.265077 0.000000
-13.312800 14.265077 0.000000
-13.307800 14.265077 0.000000
-13.302800 14.265076 0.000000
-13.297800 14.265076 0.000000
-13.292800 14.265075 0.000000
-13.287800 14.265075 0.000000
-13.282800 14.265075 0.000000
-13.277800 14.265074 0.000000
-13.272800 14.265074 0.000000
-13.267800 14.265074 0.000000
-13.262800 14.265073 0.000000
-13.257800 14.265073 0.000000
-13.252800 14.265072 0.000000
-13.247800 14.265072 0.000000
-13.242800 14.265072 0.000000
-13.237800 14.265071 0.000000
-13.232800 14.265071 0.000000
-13.227800 14.265071 0.000000
-13.222800 14.265070 0.000000
-13.217800 14.265070 0.000000
-13.212800 14.265069 0.000000
-13.207800 14.265069 0.000000
-13.202800 14.265069 0.000000
-13.197800 14.265068 0.000000
-13.192800 14.265068 0.000000
-13.187800 14.265068 0.000000
-13.182800 14.265067 0.000000
-13.177800 14.265067 0.000000
-13.172800 14.265066 0.000000
-13.167800 14.265066 0.000000
-13.162800 14.265066 0.000000
-13.157800 14.265065 0.000000
-13.152800 14.265065 0.000000
-13.147800 14.265065 0.000000
-13.142800 14.265064 0.000000
-13.137800 14.265064 0.000000
-13.132800 14.265063 0.000000
-13.127800 14.265063 0.000000
-13.122800 14.265063 0.000000
-13.117800 14.265062 0.000000
-13.112800 14.265062 0.000000
-13.107800 14.265062 0.000000
-13.102800 14.265061 0.000000
-13.097800 14.265061 0.000000
-13.092800 14.265060 0.000000
-13.087800 14.265060 0.000000
-13.082800 14.265060 0.000000
-13.077800 14.265059 0.000000
-13.072800 14.265059 0.000000
-13.067800 14.265058 0.000000
-13.062800 14.265058 0.000000
-13.057800 14.265058 0.000000
-13.052800 14.265057 0.000000
-13.047800 14.265057 0.000000
-13.042800 14.265057 0.000000
-13.037800 14.265056 0.000000
-13.032800 14.265056 0.000000
-13.027800 14.265055 0.000000
-13.022800 14.265055 0.000000
-13.017800 14.265055 0.000000
-13.012800 14.265054 0.000000
-13.007800 14.265054 0.000000
-13.002800 14.265054 0.000000
-12.997800 14.265053 0.000000
-12.992800 14.265053 0.000000
-12.987800 14.265052 0.000000
-12.982800 14.265052 0.000000
-12.977800 14.265052 0.000000
-12.972800 14.265051 0.000000
-12.967800 14.265051 0.000000
-12.962800 14.265051 0.000000
-12.957800 14.265050 0.000000
-12.952800 14.265050 0.000000
-12.947800 14.265049 0.000000
-12.942800 14.265049 0.000000
-12.937800 14.265049 0.000000
-12.932800 14.265048 0.000000
-12.927800 14.265048 0.000000
-12.922800 14.265048 0.000000
-12.917800 14.265047 0.000000
-12.912800 14.265047 0.000000
-12.907800 14.265046 0.000000
-12.902800 14.265046 0.000000
-12.897800 14.265046 0.000000
-12.892800 14.265045 0.000000
-12.887800 14.265045 0.000000
-12.882800 14.265045 0.000000
-12.877800 14.265044 0.000000
-12.872800 14.265044 0.000000
-12.867800 14.265043 0.000000
-12.862800 14.265043 0.000000
-12.857800 14.265043 0.000000
-12.852800 14.265042 0.000000
-12.847800 14.265042 0.000000
-12.842800 14.265042 0.000000
-12.837800 14.265041 0.000000
-12.832800 14.265041 0.000000
-12.827800 14.265040 0.000000
-12.822800 14.265040 0.000000
-12.817800 14.265040 0.000000
-12.812800 14.265039 0.000000
-12.807800 14.265039 0.000000
-12.802800 14.265038 0.000000
-12.797800 14.265038 0.000000
-12.792800 14.265038 0.000000
-12.787800 14.265037 0.000000
-12.782800 14.265037 0.000000
-12.777800 14.265037 0.000000
-12.772800 14.265036 0.000000
-12.767800 14.265036 0.000000
-12.762800 14.265035 0.000000
-12.757800 14.265035 0.000000
-12.752800 14.265035 0.000000
-12.747800 14.265034 0.000000
-12.742800 14.265034 0.000000
-12.737800 14.265034 0.000000
-12.732800 14.265033 0.000000
-12.727800 14.265033 0.000000
-12.722800 14.265032 0.000000
-12.717800 14.265032 0.000000
-12.712800 14.265032 0.000000
-12.707800 14.265031 0.000000
-12.702800 14.265031 0.000000
-12.697800 14.265031 0.000000
-12.692800 14.265030 0.000000
-12.687800 14.265030 0.000000
-12.682800 14.265029 0.000000
-12.677800 14.265029 0.000000
-12.672800 14.265029 0.000000
-12.667800 14.265028 0.000000
-12.662800 14.265028 0.000000
-12.657800 14.265028 0.000000
-12.652800 14.265027 0.000000
-12.647800 14.265027 0.000000
-12.642800 14.265026 0.000000
-12.637800 14.265026 0.000000
-12.632800 14.265026 0.000000
-12.627800 14.265025 0.000000
-12.622800 14.265025 0.000000
-12.617800 14.265025 0.000000
-12.612800 14.265024 0.000000
-12.607800 14.265024 0.000000
-12.602800 14.265023 0.000000
-12.597800 14.265023 0.000000
-12.592800 14.265023 0.000000
-12.587800 14.265022 0.000000
-12.582800 14.265022 0.000000
-12.577800 14.265022 0.000000
-12.572800 14.265021 0.000000
-12.567800 14.265021 0.000000
-12.562800 14.265020 0.000000
-12.557800 14.265020 0.000000
-12.552800 14.265020 0.000000
-12.547800 14.265019 0.000000
-12.542800 14.265019 0.000000
-12.537800 14.265018 0.000000
-12.532800 14.265018 0.000000
-12.527800 14.265018 0.000000
-12.522800 14.265017 0.000000
-12.517800 14.265017 0.000000
-12.512800 14.265017 0.000000
-12.507800 14.265016 0.000000
-12.502800 14.265016 0.000000
-12.497800 14.265015 0.000000
-12.492800 14.265015 0.000000
-12.487800 14.265015 0.000000
-12.482800 14.265014 0.000000
-12.477800 14.265014 0.000000
-12.472800 14.265014 0.000000
-12.467800 14.265013 0.000000
-12.462800 14.265013 0.000000
-12.457800 14.265012 0.000000
-12.452800 14.265012 0.000000
-12.447800 14.265012 0.000000
-12.442800 14.265011 0.000000
-12.437800 14.265011 0.000000
-12.432800 14.265011 0.000000
-12.427800 14.265010 0.000000
-12.422800 14.265010 0.000000
-12.417800 14.265009 0.000000
-12.412800 14.265009 0.000000
-12.407800 14.265009 0.000000
-12.402800 14.265008 0.000000
-12.397800 14.265008 0.000000
-12.392800 14.265008 0.000000
-12.387800 14.265007 0.000000
-12.382800 14.265007 0.000000
-12.377800 14.265006 0.000000
-12.372800 14.265006 0.000000
-12.367800 14.265006 0.000000
-12.362800 14.265005 0.000000
-12.357800 14.265005 0.000000
-12.352800 14.265005 0.000000
-12.347800 14.265004 0.000000
-12.342800 14.265004 0.000000
-12.337800 14.265003 0.000000
-12.332800 14.265003 0.000000
-12.327800 14.265003 0.000000
-12.322800 14.265002 0.000000
-12.317800 14.265002 0.000000
-12.312800 14.265002 0.000000
-12.307800 14.265001 0.000000
-12.302800 14.265001 0.000000
-12.297800 14.265000 0.000000
-12.292800 14.265000 0.000000
-12.287800 14.264991 0.000000
-12.282800 14.264982 0.000000
-12.277800 14.264973 0.000000
-12.272800 14.264964 0.000000
-12.267800 14.264955 0.000000
-12.262800 14.264945 0.000000
-12.257800 14.264936 0.000000
-12.252800 14.264927 0.000000
-12.247800 14.264918 0.000000
-12.242800 14.264909 0.000000
-12.237800 14.264900 0.000000
-12.232800 14.264849 0.000000
-12.227800 14.264797 0.000000
-12.222800 14.264746 0.000000
-12.217800 14.264694 0.000000
-12.212800 14.264643 0.000000
-12.207800 14.264591 0.000000
-12.202800 14.264540 0.000000
-12.197800 14.264489 0.000000
-12.192800 14.264437 0.000000
-12.187800 14.264386 0.000000
-12.182800 14.264334 0.000000
-12.177800 14.264283 0.000000
-12.172800 14.264231 0.000000
-12.167800 14.264180 0.000000
-12.162800 14.264129 0.000000
-12.157800 14.264077 0.000000
-12.152800 14.264026 0.000000
-12.147800 14.263974 0.000000
-12.142800 14.263923 0.000000
-12.137800 14.263871 0.000000
-12.132800 14.263820 0.000000
-12.127800 14.263769 0.000000
-12.122800 14.263717 0.000000
-12.117800 14.263666 0.000000
-12.112800 14.263614 0.000000
-12.107800 14.263563 0.000000
-12.102800 14.263511 0.000000
-12.097800 14.263460 0.000000
-12.092800 14.263409 0.000000
-12.087800 14.263357 0.000000
-12.082800 14.263306 0.000000
-12.077800 14.263254 0.000000
-12.072800 14.263203 0.000000
-12.067800 14.263151 0.000000
-12.062800 14.263100 0.000000
-12.057847 14.262508 0.000000
-12.052895 14.261917 0.000000
-12.047942 14.261325 0.000000
-12.042989 14.260733 0.000000
-12.038037 14.260141 0.000000
-12.033084 14.259550 0.000000
-12.028132 14.258958 0.000000
-12.023179 14.258366 0.000000
-12.018226 14.257774 0.000000
-12.013274 14.257183 0.000000
-12.008321 14.256591 0.000000
-12.003368 14.255999 0.000000
-11.998416 14.255408 0.000000
-11.993463 14.254816 0.000000
-11.988511 14.254224 0.000000
-11.983558 14.253632 0.000000
-11.978605 14.253041 0.000000
-11.973653 14.252449 0.000000
-11.968700 14.251857 0.000000
-11.963747 14.251265 0.000000
-11.958795 14.250674 0.000000
-11.953842 14.250082 0.000000
-11.948889 14.249490 0.000000
-11.943937 14.248898 0.000000
-11.938984 14.248307 0.000000
-11.934032 14.247715 0.000000
-11.929079 14.247123 0.000000
-11.924126 14.246532 0.000000
-11.919174 14.245940 0.000000
-11.914221 14.245348 0.000000
-11.909268 14.244756 0.000000
-11.904316 14.244165 0.000000
-11.899363 14.243573 0.000000
-11.894411 14.242981 0.000000
-11.889458 14.242389 0.000000
-11.884505 14.241798 0.000000
-11.879553 14.241206 0.000000
-11.874600 14.240614 0.000000
-11.869647 14.240023 0.000000
-11.864695 14.239431 0.000000
-11.859742 14.238839 0.000000
-11.854789 14.238247 0.000000
-11.849837 14.237656 0.000000
-11.844884 14.237064 0.000000
-11.839932 14.236472 0.000000
-11.834979 14.235880 0.000000
-11.830026 14.235289 0.000000
-11.825074 14.234697 0.000000
-11.820121 14.234105 0.000000
-11.815168 14.233514 0.000000
-11.810216 14.232922 0.000000
-11.805263 14.232330 0.000000
-11.800311 14.231738 0.000000
-11.795358 14.231147 0.000000
-11.790405 14.230555 0.000000
-11.785453 14.229963 0.000000
-11.780500 14.229371 0.000000
-11.775547 14.228780 0.000000
-11.770595 14.228188 0.000000
-11.765642 14.227596 0.000000
-11.760689 14.227005 0.000000
-11.755737 14.226413 0.000000
-11.750784 14.225821 0.000000
-11.745832 14.225229 0.000000
-11.740879 14.224638 0.000000
-11.735926 14.224046 0.000000
-11.730974 14.223454 0.000000
-11.726021 14.222862 0.000000
-11.721068 14.222271 0.000000
-11.716116 14.221679 0.000000
-11.711163 14.221087 0.000000
-11.706211 14.220495 0.000000
-11.701258 14.219904 0.000000
-11.696305 14.219312 0.000000
-11.691353 14.218720 0.000000
-11.686400 14.218129 0.000000
-11.681447 14.217537 0.000000
-11.676495 14.216945 0.000000
-11.671542 14.216353 0.000000
-11.666589 14.215762 0.000000
-11.661637 14.215170 0.000000
-11.656684 14.214578 0.000000
-11.651732 14.213986 0.000000
-11.646779 14.213395 0.000000
-11.641826 14.212803 0.000000
-11.636874 14.212211 0.000000
-11.631921 14.211620 0.000000
-11.626968 14.211028 0.000000
-11.622016 14.210436 0.000000
-11.617063 14.209844 0.000000
-11.612111 14.209253 0.000000
-11.607158 14.208661 0.000000
-11.602205 14.208069 0.000000
-11.597253 14.207477 0.000000
-11.592300 14.206886 0.000000
-11.587347 14.206294 0.000000
-11.582395 14.205702 0.000000
-11.577442 14.205111 0.000000
-11.572489 14.204519 0.000000
-11.567537 14.203927 0.000000
-11.562584 14.203335 0.000000
-11.557632 14.202744 0.000000
-11.552679 14.202152 0.000000
-11.547726 14.201560 0.000000
-11.542774 14.200968 0.000000
-11.537821 14.200377 0.000000
-11.532868 14.199785 0.000000
-11.527916 14.199193 0.000000
-11.522963 14.198602 0.000000
-11.518011 14.198010 0.000000
-11.513058 14.197418 0.000000
-11.508105 14.196826 0.000000
-11.503153 14.196235 0.000000
-11.498200 14.195643 0.000000
-11.493247 14.195051 0.000000
-11.488295 14.194459 0.000000
-11.483342 14.193868 0.000000
-11.478389 14.193276 0.000000
-11.473437 14.192684 0.000000
-11.468484 14.192092 0.000000
-11.463532 14.191501 0.000000
-11.458579 14.190909 0.000000
-11.453626 14.190317 0.000000
-11.448674 14.189726 0.000000
-11.443721 14.189134 0.000000
-11.438768 14.188542 0.000000
-11.433816 14.187950 0.000000
-11.428863 14.187359 0.000000
-11.423911 14.186767 0.000000
-11.418958 14.186175 0.000000
-11.414005 14.185583 0.000000
-11.409053 14.184992 0.000000
-11.404100 14.184400 0.000000
-11.399318 14.183014 0.000000
-11.394536 14.181629 0.000000
-11.389754 14.180243 0.000000
-11.384971 14.178857 0.000000
-11.380189 14.177471 0.000000
-11.375407 14.176086 0.000000
-11.370625 14.174700 0.000000
-11.365843 14.173314 0.000000
-11.361061 14.171929 0.000000
-11.356279 14.170543 0.000000
-11.351496 14.169157 0.000000
-11.346714 14.167771 0.000000
-11.341932 14.166386 0.000000
-11.337150 14.165000 0.000000
-11.332368 14.163614 0.000000
-11.327586 14.162229 0.000000
-11.322804 14.160843 0.000000
-11.318021 14.159457 0.000000
-11.313239 14.158071 0.000000
-11.308457 14.156686 0.000000
-11.303675 14.155300 0.000000
-11.298893 14.153914 0.000000
-11.294111 14.152529 0.000000
-11.289329 14.151143 0.000000
-11.284546 14.149757 0.000000
-11.279764 14.148371 0.000000
-11.274982 14.146986 0.000000
-11.270200 14.145600 0.000000
-11.265319 14.144646 0.000000
-11.260438 14.143691 0.000000
-11.255557 14.142737 0.000000
-11.250677 14.141783 0.000000
-11.245796 14.140829 0.000000
-11.240915 14.139874 0.000000
-11.236034 14.138920 0.000000
-11.231153 14.137966 0.000000
-11.226272 14.137012 0.000000
-11.221391 14.136057 0.000000
-11.216511 14.135103 0.000000
-11.211630 14.134149 0.000000
-11.206749 14.133195 0.000000
-11.201868 14.132240 0.000000
-11.196987 14.131286 0.000000
-11.192106 14.130332 0.000000
-11.187226 14.129378 0.000000
-11.182345 14.128423 0.000000
-11.177464 14.127469 0.000000
-11.172583 14.126515 0.000000
-11.167702 14.125561 0.000000
-11.162821 14.124606 0.000000
-11.157940 14.123652 0.000000
-11.153060 14.122698 0.000000
-11.148179 14.121744 0.000000
-11.143298 14.120789 0.000000
-11.138417 14.119835 0.000000
-11.133536 14.118881 0.000000
-11.128655 14.117927 0.000000
-11.123774 14.116972 0.000000
-11.118894 14.116018 0.000000
-11.114013 14.115064 0.000000
-11.109132 14.114110 0.000000
-11.104251 14.113155 0.000000
-11.099370 14.112201 0.000000
-11.094489 14.111247 0.000000
-11.089609 14.110293 0.000000
-11.084728 14.109338 0.000000
-11.079847 14.108384 0.000000
-11.074966 14.107430 0.000000
-11.070085 14.106476 0.000000
-11.065204 14.105521 0.000000
-11.060323 14.104567 0.000000
-11.055443 14.103613 0.000000
-11.050562 14.102659 0.000000
-11.045681 14.101704 0.000000
-11.040800 14.100750 0.000000
-11.035919 14.099796 0.000000
-11.031038 14.098841 0.000000
-11.026157 14.097887 0.000000
-11.021277 14.096933 0.000000
-11.016396 14.095979 0.000000
-11.011515 14.095024 0.000000
-11.006634 14.094070 0.000000
-11.001753 14.093116 0.000000
-10.996872 14.092162 0.000000
-10.991991 14.091207 0.000000
-10.987111 14.090253 0.000000
-10.982230 14.089299 0.000000
-10.977349 14.088345 0.000000
-10.972468 14.087390 0.000000
-10.967587 14.086436 0.000000
-10.962706 14.085482 0.000000
-10.957826 14.084528 0.000000
-10.952945 14.083573 0.000000
-10.948064 14.082619 0.000000
-10.943183 14.081665 0.000000
-10.938302 14.080711 0.000000
-10.933421 14.079756 0.000000
-10.928540 14.078802 0.000000
-10.923660 14.077848 0.000000
-10.918779 14.076894 0.000000
-10.913898 14.075939 0.000000
-10.909017 14.074985 0.000000
-10.904136 14.074031 0.000000
-10.899255 14.073077 0.000000
-10.894374 14.072122 0.000000
-10.889494 14.071168 0.000000
-10.884613 14.070214 0.000000
-10.879732 14.069260 0.000000
-10.874851 14.068305 0.000000
-10.869970 14.067351 0.000000
-10.865089 14.066397 0.000000
-10.860209 14.065443 0.000000
-10.855328 14.064488 0.000000
-10.850447 14.063534 0.000000
-10.845566 14.062580 0.000000
-10.840685 14.061626 0.000000
-10.835804 14.060671 0.000000
-10.830923 14.059717 0.000000
-10.826043 14.058763 0.000000
-10.821162 14.057809 0.000000
-10.816281 14.056854 0.000000
-10.811400 14.055900 0.000000
-10.806550 14.054708 0.000000
-10.801700 14.053517 0.000000
-10.796850 14.052325 0.000000
-10.792000 14.051133 0.000000
-10.787150 14.049942 0.000000
-10.782300 14.048750 0.000000
-10.777450 14.047558 0.000000
-10.772600 14.046367 0.000000
-10.767750 14.045175 0.000000
-10.762900 14.043983 0.000000
-10.758050 14.042792 0.000000
-10.753200 14.041600 0.000000
-10.748286 14.040739 0.000000
-10.743373 14.039877 0.000000
-10.738459 14.039016 0.000000
-10.733545 14.038155 0.000000
-10.728632 14.037293 0.000000
-10.723718 14.036432 0.000000
-10.718805 14.035570 0.000000
-10.713891 14.034709 0.000000
-10.708977 14.033848 0.000000
-10.704064 14.032986 0.000000
-10.699150 14.032125 0.000000
-10.694236 14.031264 0.000000
-10.689323 14.030402 0.000000
-10.684409 14.029541 0.000000
-10.679495 14.028680 0.000000
-10.674582 14.027818 0.000000
-10.669668 14.026957 0.000000
-10.664755 14.026095 0.000000
-10.659841 14.025234 0.000000
-10.654927 14.024373 0.000000
-10.650014 14.023511 0.000000
-10.645100 14.022650 0.000000
-10.640186 14.021789 0.000000
-10.635273 14.020927 0.000000
-10.630359 14.020066 0.000000
-10.625445 14.019205 0.000000
-10.620532 14.018343 0.000000
-10.615618 14.017482 0.000000
-10.610705 14.016620 0.000000
-10.605791 14.015759 0.000000
-10.600877 14.014898 0.000000
-10.595964 14.014036 0.000000
-10.591050 14.013175 0.000000
-10.586136 14.012314 0.000000
-10.581223 14.011452 0.000000
-10.576309 14.010591 0.000000
-10.571395 14.009730 0.000000
-10.566482 14.008868 0.000000
-10.561568 14.008007 0.000000
-10.556655 14.007145 0.000000
-10.551741 14.006284 0.000000
-10.546827 14.005423 0.000000
-10.541914 14.004561 0.000000
-10.537000 14.003700 0.000000
-10.532044 14.003127 0.000000
-10.527087 14.002554 0.000000
-10.522131 14.001980 0.000000
-10.517174 14.001407 0.000000
-10.512218 14.000834 0.000000
-10.507261 14.000261 0.000000
-10.502305 13.999688 0.000000
-10.497348 13.999114 0.000000
-10.492392 13.998541 0.000000
-10.487436 13.997968 0.000000
-10.482479 13.997395 0.000000
-10.477523 13.996822 0.000000
-10.472566 13.996249 0.000000
-10.467610 13.995675 0.000000
-10.462653 13.995102 0.000000
-10.457697 13.994529 0.000000
-10.452740 13.993956 0.000000
-10.447784 13.993383 0.000000
-10.442827 13.992809 0.000000
-10.437871 13.992236 0.000000
-10.432915 13.991663 0.000000
-10.427958 13.991090 0.000000
-10.423002 13.990517 0.000000
-10.418045 13.989943 0.000000
-10.413089 13.989370 0.000000
-10.408132 13.988797 0.000000
-10.403176 13.988224 0.000000
-10.398219 13.987651 0.000000
-10.393263 13.987078 0.000000
-10.388307 13.986504 0.000000
-10.383350 13.985931 0.000000
-10.378394 13.985358 0.000000
-10.373437 13.984785 0.000000
-10.368481 13.984212 0.000000
-10.363524 13.983638 0.000000
-10.358568 13.983065 0.000000
-10.353611 13.982492 0.000000
-10.348655 13.981919 0.000000
-10.343698 13.981346 0.000000
-10.338742 13.980772 0.000000
-10.333786 13.980199 0.000000
-10.328829 13.979626 0.000000
-10.323873 13.979053 0.000000
-10.318916 13.978480 0.000000
-10.313960 13.977907 0.000000
-10.309003 13.977333 0.000000
-10.304047 13.976760 0.000000
-10.299090 13.976187 0.000000
-10.294134 13.975614 0.000000
-10.289178 13.975041 0.000000
-10.284221 13.974467 0.000000
-10.279265 13.973894 0.000000
-10.274308 13.973321 0.000000
-10.269352 13.972748 0.000000
-10.264395 13.972175 0.000000
-10.259439 13.971601 0.000000
-10.254482 13.971028 0.000000
-10.249526 13.970455 0.000000
-10.244569 13.969882 0.000000
-10.239613 13.969309 0.000000
-10.234657 13.968736 0.000000
-10.229700 13.968162 0.000000
-10.224744 13.967589 0.000000
-10.219787 13.967016 0.000000
-10.214831 13.966443 0.000000
-10.209874 13.965870 0.000000
-10.204918 13.965296 0.000000
-10.199961 13.964723 0.000000
-10.195005 13.964150 0.000000
-10.190049 13.963577 0.000000
-10.185092 13.963004 0.000000
-10.180136 13.962430 0.000000
-10.175179 13.961857 0.000000
-10.170223 13.961284 0.000000
-10.165266 13.960711 0.000000
-10.160310 13.960138 0.000000
-10.155353 13.959564 0.000000
-10.150397 13.958991 0.000000
-10.145441 13.958418 0.000000
-10.140484 13.957845 0.000000
-10.135528 13.957272 0.000000
-10.130571 13.956699 0.000000
-10.125615 13.956125 0.000000
-10.120658 13.955552 0.000000
-10.115702 13.954979 0.000000
-10.110745 13.954406 0.000000
-10.105789 13.953833 0.000000
-10.100832 13.953259 0.000000
-10.095876 13.952686 0.000000
-10.090920 13.952113 0.000000
-10.085963 13.951540 0.000000
-10.081007 13.950967 0.000000
-10.076050 13.950393 0.000000
-10.071094 13.949820 0.000000
-10.066137 13.949247 0.000000
-10.061181 13.948674 0.000000
-10.056224 13.948101 0.000000
-10.051268 13.947528 0.000000
-10.046312 13.946954 0.000000
-10.041355 13.946381 0.000000
-10.036399 13.945808 0.000000
-10.031442 13.945235 0.000000
-10.026486 13.944662 0.000000
-10.021529 13.944088 0.000000
-10.016573 13.943515 0.000000
-10.011616 13.942942 0.000000
-10.006660 13.942369 0.000000
-10.001703 13.941796 0.000000
-9.996747 13.941222 0.000000
-9.991791 13.940649 0.000000
-9.986834 13.940076 0.000000
-9.981878 13.939503 0.000000
-9.976921 13.938930 0.000000
-9.971965 13.938357 0.000000
-9.967008 13.937783 0.000000
-9.962052 13.937210 0.000000
-9.957095 13.936637 0.000000
-9.952139 13.936064 0.000000
-9.947183 13.935491 0.000000
-9.942226 13.934917 0.000000
-9.937270 13.934344 0.000000
-9.932313 13.933771 0.000000
-9.927357 13.933198 0.000000
-9.922400 13.932625 0.000000
-9.917444 13.932051 0.000000
-9.912487 13.931478 0.000000
-9.907531 13.930905 0.000000
-9.902574 13.930332 0.000000
-9.897618 13.929759 0.000000
-9.892662 13.929186 0.000000
-9.887705 13.928612 0.000000
-9.882749 13.928039 0.000000
-9.877792 13.927466 0.000000
-9.872836 13.926893 0.000000
-9.867879 13.926320 0.000000
-9.862923 13.925746 0.000000
-9.857966 13.925173 0.000000
-9.853010 13.924600 0.000000
-9.848030 13.924165 0.000000
-9.843050 13.923730 0.000000
-9.838070 13.923296 0.000000
-9.833090 13.922861 0.000000
-9.828110 13.922426 0.000000
-9.823130 13.921991 0.000000
-9.818150 13.921557 0.000000
-9.813170 13.921122 0.000000
-9.808190 13.920687 0.000000
-9.803210 13.920252 0.000000
-9.798230 13.919817 0.000000
-9.793250 13.919383 0.000000
-9.788270 13.918948 0.000000
-9.783290 13.918513 0.000000
-9.778310 13.918078 0.000000
-9.773330 13.917643 0.000000
-9.768350 13.917209 0.000000
-9.763370 13.916774 0.000000
-9.758390 13.916339 0.000000
-9.753410 13.915904 0.000000
-9.748430 13.915470 0.000000
-9.743450 13.915035 0.000000
-9.738470 13.914600 0.000000
-9.733546 13.913841 0.000000
-9.728622 13.913082 0.000000
-9.723698 13.912323 0.000000
-9.718774 13.911564 0.000000
-9.713850 13.910805 0.000000
-9.708925 13.910045 0.000000
-9.704001 13.909286 0.000000
-9.699077 13.908527 0.000000
-9.694153 13.907768 0.000000
-9.689229 13.907009 0.000000
-9.684305 13.906250 0.000000
-9.679381 13.905491 0.000000
-9.674457 13.904732 0.000000
-9.669533 13.903973 0.000000
-9.664609 13.903214 0.000000
-9.659685 13.902455 0.000000
-9.654760 13.901695 0.000000
-9.649836 13.900936 0.000000
-9.644912 13.900177 0.000000
-9.639988 13.899418 0.000000
-9.635064 13.898659 0.000000
-9.630140 13.897900 0.000000
-9.625216 13.897141 0.000000
-9.620292 13.896382 0.000000
-9.615368 13.895623 0.000000
-9.610444 13.894864 0.000000
-9.605520 13.894105 0.000000
-9.600595 13.893345 0.000000
-9.595671 13.892586 0.000000
-9.590747 13.891827 0.000000
-9.585823 13.891068 0.000000
-9.580899 13.890309 0.000000
-9.575975 13.889550 0.000000
-9.571051 13.888791 0.000000
-9.566127 13.888032 0.000000
-9.561203 13.887273 0.000000
-9.556279 13.886514 0.000000
-9.551355 13.885755 0.000000
-9.546430 13.884995 0.000000
-9.541506 13.884236 0.000000
-9.536582 13.883477 0.000000
-9.531658 13.882718 0.000000
-9.526734 13.881959 0.000000
-9.521810 13.881200 0.000000
-9.516886 13.880441 0.000000
-9.511962 13.879682 0.000000
-9.507038 13.878923 0.000000
-9.502114 13.878164 0.000000
-9.497190 13.877405 0.000000
-9.492265 13.876645 0.000000
-9.487341 13.875886 0.000000
-9.482417 13.875127 0.000000
-9.477493 13.874368 0.000000
-9.472569 13.873609 0.000000
-9.467645 13.872850 0.000000
-9.462721 13.872091 0.000000
-9.457797 13.871332 0.000000
-9.452873 13.870573 0.000000
-9.447949 13.869814 0.000000
-9.443025 13.869055 0.000000
-9.438100 13.868295 0.000000
-9.433176 13.867536 0.000000
-9.428252 13.866777 0.000000
-9.423328 13.866018 0.000000
-9.418404 13.865259 0.000000
-9.413480 13.864500 0.000000
-9.408490 13.864100 0.000000
-9.403510 13.863600 0.000000
-9.398540 13.863100 0.000000
-9.393570 13.862600 0.000000
-9.388610 13.862000 0.000000
-9.383650 13.861300 0.000000
-9.378720 13.860500 0.000000
-9.373790 13.859600 0.000000
-9.368890 13.858600 0.000000
-9.364020 13.857500 0.000000
-9.359170 13.856300 0.000000
-9.354370 13.854900 0.000000
-9.349560 13.853500 0.000000
-9.344760 13.852100 0.000000
-9.339950 13.850800 0.000000
-9.335140 13.849400 0.000000
-9.330340 13.848000 0.000000
-9.325530 13.846600 0.000000
